apply_cal+QC/WISPER_raw_data/WISPER_20160912_rawField.ict
40, 1001
David Noone
Oregon State University
Water Vapor Isotopic Analyzer (Picarro L2120i) - H2O concentration, D/H and 18O/16O isotope ratios (delta notation)
ORACLES
1, 1
2016, 09, 12, 2016, 09, 12
0
Start_UTC, seconds
6
1, 1, 1, 1, 1, 1
-9999, -9999, -9999, -9999, -9999, -9999
H2O_ppmv, ppmv
dD_permil, permil
d18O_permil, permil
pressure_cavity, torr
temp_cavity, degrees_celcius
temp_das, degrees_celcius
0
18
PI_CONTACT_INFO: Address: David Noone, CEOAS, Oregon State University, Corvallis OR 97331; email: nooned@oregonstate.edu
PLATFORM: NASA P3B (N426NA), sampling port side foward window from forward facing diffuser inlet
LOCATION: Aircraft location data decribed elsewhere
ASSOCIATED_DATA: see http://espoarchive.nasa.gov/archive/browse/oracles
INSTRUMENT_INFO: Water Vapor Isotopic Analyzer (Picarro L2120-i): cavity-ringdown tunable diode laser spectoscopy.
DATA_INFO: Units are ppmv for H2O and permil relative to SMOW for d18O and dD.
UNCERTAINTY: The absolute accuracy humidity dependent is in the range 1 % for H2O, 1 permil for dD and 0.5 permil for d18O.
ULOD_FLAG: -7777
ULOD_VALUE: N/A
LLOD_FLAG: -8888
LLOD_VALUE: N/A
DM_CONTACT_INFO: David Noone; Oregon State University; nooned@oregonstate.edu
PROJECT_INFO: ORACLES Mission August-October 2016; Southeast Atlantic/Walvis Bay, Namibia
STIPULATIONS_ON_USE: Until made public, only the ORACLES science team is allowed to use this data, per the ORACLES data protocol.
OTHER_COMMENTS: Data is uncalibrated, uncheck and not useful for science at this level
REVISION: RAW
RAW: Raw translation of Picarro output files to ICARTT format
Start_UTC, H2O_ppmv, dD_permil, d18O_permil, pressure_cavity, temp_cavity, temp_das
 20041.2,11195.25,   32.82,   88.94,    35.001,   78.4240,    40.312
 20043.3,11143.74,  146.80,   38.57,    35.016,   78.4299,    40.312
[from data line 1160]
 22437.3,14223.59,  -98.35,  -15.47,    35.007,   80.0037,    45.188
 22438.9,14229.11,  -95.41,  -16.45,    34.998,   80.0037,    45.188
 22440.5,14220.08,  -94.91,  -15.37,    34.983,   80.0046,    45.188
 22442.1,14221.65,  -95.95,  -15.58,    35.004,   80.0049,    45.188
 22443.7,14223.08,  -97.28,  -15.82,    34.989,   80.0049,    45.188
 22445.4,14225.11,  -92.21,  -15.21,    35.001,   80.0049,    45.204
 22447.0,14222.18,  -92.75,  -15.94,    35.005,   80.0049,    45.192
 22448.6,14218.03,  -93.59,  -15.84,    34.989,   80.0049,    45.229
 22450.2,14221.06,  -93.57,  -15.50,    35.001,   80.0051,    45.250
 22453.2,14216.72,  -95.82,  -15.50,    34.999,   80.0051,    45.211
 22454.8,14215.24,  -94.71,  -15.45,    35.013,   80.0052,    45.229
 22456.3,14203.82,  -96.56,  -15.00,    35.005,   80.0053,    45.188
 22458.0,14204.46,  -98.64,  -15.92,    35.002,   80.0053,    45.211
 22459.6,14212.46,  -95.34,  -15.71,    35.003,   80.0052,    45.205
 22461.2,14206.22,  -92.71,  -14.98,    35.014,   80.0049,    45.194
 22462.8,14205.07,  -96.01,  -15.93,    34.998,   80.0049,    45.250
 22464.4,14199.23,  -98.85,  -15.72,    34.998,   80.0049,    45.199
 22466.0,14197.09, -101.51,  -15.13,    34.999,   80.0050,    45.188
 22467.7,14200.18,  -95.46,  -15.89,    34.997,   80.0050,    45.205
 22469.3,14191.26,  -94.82,  -15.50,    35.000,   80.0049,    45.208
 22471.0,14185.98,  -99.95,  -15.10,    34.983,   80.0048,    45.226
 22472.6,14194.05,  -97.09,  -15.71,    34.997,   80.0048,    45.250
 22474.2,14189.41,  -96.21,  -15.33,    35.007,   80.0047,    45.250
 22475.8,14189.31,  -97.81,  -15.77,    34.998,   80.0039,    45.250
 22477.4,14189.40,  -95.36,  -15.76,    34.988,   80.0039,    45.250
 22479.0,14190.59,  -95.32,  -15.37,    35.004,   80.0039,    45.250
 22480.6,14185.28,  -95.13,  -15.42,    34.993,   80.0023,    45.250
 22483.7,14185.71,  -96.93,  -15.48,    35.001,   80.0020,    45.250
 22485.3,14183.90,  -91.80,  -16.29,    34.993,   80.0008,    45.250
 22487.0,14181.78,  -95.66,  -15.80,    34.988,   80.0005,    45.265
 22488.6,14182.90,  -97.69,  -14.97,    34.991,   80.0005,    45.278
 22490.2,14191.49,  -97.74,  -15.29,    34.996,   80.0002,    45.287
 22491.9,14190.80,  -91.24,  -16.06,    34.997,   80.0002,    45.267
 22493.5,14187.35,  -97.15,  -14.99,    35.001,   80.0002,    45.250
 22495.1,14182.05,  -95.95,  -15.53,    35.002,   79.9997,    45.250
 22496.7,14188.79,  -98.16,  -16.01,    35.012,   79.9994,    45.250
 22498.3,14193.66,  -93.50,  -15.50,    35.005,   79.9994,    45.250
 22499.8,14194.16,  -97.32,  -15.54,    35.003,   80.0001,    45.250
 22501.4,14195.21,  -98.14,  -15.60,    35.002,   80.0012,    45.250
 22503.1,14192.96,  -99.56,  -15.55,    34.994,   80.0012,    45.266
 22504.6,14202.27,  -96.70,  -15.63,    35.010,   80.0011,    45.297
 22506.2,14194.86,  -97.37,  -15.32,    35.005,   80.0008,    45.307
 22507.8,14197.34,  -95.04,  -15.32,    34.996,   80.0008,    45.312
 22509.4,14199.67,  -96.86,  -15.46,    35.020,   80.0012,    45.312
 22511.0,14190.88,  -96.74,  -15.46,    35.008,   80.0020,    45.312
 22513.9,14191.12,  -96.73,  -15.17,    34.997,   80.0020,    45.312
 22515.6,14197.25,  -95.56,  -15.17,    34.986,   80.0034,    45.312
 22517.2,14201.76, -102.27,  -15.45,    35.011,   80.0036,    45.312
 22518.8,14200.57,  -94.04,  -15.93,    34.992,   80.0036,    45.312
 22520.3,14198.53,  -99.27,  -15.26,    35.003,   80.0042,    45.312
 22521.9,14197.30,  -98.48,  -15.74,    35.006,   80.0042,    45.312
 22523.5,14200.91,  -98.11,  -15.59,    34.988,   80.0042,    45.312
 22525.1,14205.88,  -95.43,  -15.43,    35.002,   80.0053,    45.312
 22526.7,14213.09,  -93.41,  -15.88,    35.001,   80.0058,    45.312
 22528.4,14207.63,  -94.09,  -15.85,    35.013,   80.0058,    45.312
 22530.0,14196.61,  -96.12,  -15.21,    34.994,   80.0056,    45.312
 22531.6,14205.24,  -92.67,  -15.97,    35.003,   80.0056,    45.312
 22533.3,14205.29,  -95.63,  -15.90,    35.008,   80.0056,    45.312
 22534.8,14201.39,  -94.28,  -15.37,    35.004,   80.0053,    45.312
 22536.5,14188.53,  -97.28,  -15.43,    34.986,   80.0051,    45.312
 22538.1,14202.09,  -95.02,  -15.70,    34.997,   80.0051,    45.312
 22539.7,14204.60,  -94.21,  -15.95,    34.999,   80.0046,    45.312
 22541.3,14198.88,  -98.29,  -15.04,    35.011,   80.0041,    45.312
 22544.3,14183.67,  -94.67,  -15.52,    34.981,   80.0041,    45.312
 22546.0,14183.37,  -95.06,  -15.56,    35.000,   80.0036,    45.312
 22547.6,14185.12,  -96.42,  -15.68,    34.989,   80.0036,    45.312
 22549.2,14186.41,  -96.64,  -15.70,    34.999,   80.0034,    45.312
 22550.8,14179.67,  -94.66,  -15.75,    34.995,   80.0031,    45.329
 22552.4,14179.55,  -97.95,  -15.48,    35.002,   80.0031,    45.312
 22554.0,14178.28,  -95.75,  -16.26,    34.998,   80.0031,    45.325
 22555.6,14177.36,  -92.33,  -15.53,    34.997,   80.0015,    45.375
 22557.1,14176.57,  -95.31,  -15.50,    34.995,   80.0012,    45.355
 22558.8,14177.89,  -93.29,  -15.66,    35.011,   80.0012,    45.375
 22560.4,14171.04,  -96.84,  -15.94,    34.996,   80.0016,    45.375
 22562.0,14165.38,  -91.83,  -15.55,    35.001,   80.0017,    45.375
 22563.5,14159.83,  -98.93,  -15.80,    34.983,   80.0017,    45.375
 22565.1,14169.23,  -95.35,  -16.11,    35.004,   80.0027,    45.375
 22566.7,14159.49,  -92.97,  -15.41,    35.008,   80.0027,    45.375
 22568.4,14159.74,  -96.40,  -15.53,    35.015,   80.0027,    45.375
 22570.0,14159.36,  -96.76,  -16.01,    34.997,   80.0021,    45.375
 22571.5,14156.06,  -97.68,  -15.54,    35.001,   80.0017,    45.375
 22574.5,14157.25,  -93.68,  -15.67,    35.009,   80.0013,    45.375
 22576.2,14147.79,  -96.45,  -15.93,    34.997,   80.0008,    45.375
 22577.8,14148.52,  -96.30,  -15.55,    34.986,   80.0008,    45.375
 22579.5,14156.68,  -95.59,  -15.53,    35.005,   80.0013,    45.375
 22581.1,14148.54,  -94.88,  -16.07,    34.972,   80.0023,    45.375
 22582.7,14148.88,  -94.92,  -15.89,    34.991,   80.0023,    45.375
 22584.3,14155.28,  -94.08,  -15.55,    34.978,   80.0023,    45.375
 22586.0,14152.20,  -97.53,  -15.09,    35.003,   80.0011,    45.375
 22587.6,14158.92,  -94.06,  -16.18,    35.005,   80.0011,    45.375
 22589.2,14155.10,  -92.52,  -15.88,    34.999,   80.0013,    45.375
 22590.9,14143.26,  -99.24,  -15.10,    35.014,   80.0025,    45.375
 22592.5,14140.64,  -95.11,  -15.37,    34.988,   80.0025,    45.375
 22594.1,14133.68, -101.91,  -15.66,    34.985,   80.0026,    45.375
 22595.7,14133.49,  -96.39,  -15.55,    35.000,   80.0041,    45.375
 22597.3,14128.61,  -96.70,  -15.40,    35.006,   80.0041,    45.381
 22598.8,14134.91,  -98.57,  -15.45,    35.004,   80.0041,    45.410
 22600.4,14131.60,  -91.96,  -16.28,    34.996,   80.0050,    45.414
 22602.0,14127.69,  -94.62,  -15.74,    35.002,   80.0052,    45.404
 22605.0,14124.44,  -96.47,  -16.31,    34.994,   80.0049,    45.388
 22606.7,14114.12,  -98.85,  -15.60,    35.001,   80.0048,    45.386
 22608.3,14113.05,  -94.04,  -14.86,    34.995,   80.0048,    45.438
 22609.9,14109.93,  -97.90,  -15.56,    35.000,   80.0047,    45.438
 22611.5,14103.78,  -97.64,  -15.85,    35.005,   80.0045,    45.438
 22613.0,14094.76,  -99.76,  -15.57,    34.988,   80.0045,    45.438
 22614.6,14089.86,  -98.65,  -14.83,    34.995,   80.0041,    45.438
 22616.2,14089.39,  -95.28,  -15.45,    35.002,   80.0036,    45.438
 22617.8,14088.84,  -94.32,  -16.02,    34.983,   80.0036,    45.425
 22619.4,14093.01,  -96.46,  -15.83,    35.007,   80.0038,    45.428
 22620.9,14089.32,  -93.19,  -15.89,    34.989,   80.0044,    45.438
 22622.6,14091.25,  -92.61,  -15.34,    34.995,   80.0044,    45.438
 22624.2,14085.82,  -94.29,  -15.48,    35.009,   80.0044,    45.438
 22625.8,14085.77,  -94.62,  -16.21,    34.998,   80.0033,    45.438
 22627.4,14072.88, -102.98,  -15.27,    34.991,   80.0033,    45.438
 22629.0,14079.99,  -95.04,  -15.35,    35.008,   80.0032,    45.438
 22630.6,14074.23,  -96.59,  -15.08,    34.994,   80.0026,    45.438
 22632.2,14080.07,  -98.97,  -15.86,    35.003,   80.0026,    45.438
 22635.2,14072.90,  -93.56,  -15.24,    35.004,   80.0023,    45.438
 22636.9,14074.34,  -97.69,  -15.71,    34.997,   80.0022,    45.438
 22638.5,14074.27,  -97.41,  -15.77,    34.997,   80.0022,    45.438
 22640.1,14073.08,  -97.13,  -15.94,    34.995,   80.0026,    45.438
 22641.7,14066.43,  -93.38,  -15.74,    35.008,   80.0028,    45.438
 22643.3,14068.61,  -92.33,  -15.46,    34.993,   80.0028,    45.438
 22644.9,14072.25,  -95.66,  -15.19,    35.007,   80.0031,    45.438
 22646.6,14072.38, -100.32,  -15.44,    35.007,   80.0033,    45.438
 22648.3,14072.94,  -91.61,  -16.10,    35.007,   80.0033,    45.465
 22649.9,14066.24,  -99.49,  -15.58,    34.992,   80.0044,    45.456
 22651.5,14070.24,  -92.40,  -15.64,    35.022,   80.0055,    45.459
 22653.1,14059.25,  -97.70,  -14.99,    35.007,   80.0055,    45.471
 22654.7,14065.08,  -96.13,  -15.95,    35.010,   80.0057,    45.460
 22656.3,14059.54, -100.15,  -16.09,    34.984,   80.0061,    45.478
 22657.9,14060.24,  -96.54,  -15.26,    34.996,   80.0061,    45.440
 22659.5,14063.45,  -93.32,  -15.28,    35.006,   80.0063,    45.482
 22661.1,14054.58,  -97.09,  -15.61,    35.001,   80.0068,    45.494
 22662.8,14060.64,  -98.30,  -15.54,    34.998,   80.0068,    45.458
 22665.7,14059.94,  -97.89,  -15.84,    34.986,   80.0084,    45.477
 22667.3,14060.99,  -97.24,  -15.29,    34.999,   80.0084,    45.463
 22668.9,14070.92,  -95.97,  -16.04,    34.996,   80.0085,    45.500
 22670.5,14075.63,  -95.37,  -15.80,    35.007,   80.0092,    45.500
 22672.1,14068.66,  -95.45,  -15.67,    35.009,   80.0092,    45.500
 22673.8,14066.07,  -94.29,  -15.55,    35.004,   80.0092,    45.500
 22675.4,14063.17,  -94.60,  -15.33,    35.002,   80.0089,    45.500
 22677.0,14061.66,  -95.87,  -15.18,    34.989,   80.0089,    45.500
 22678.7,14067.00,  -96.86,  -15.41,    35.000,   80.0089,    45.500
 22680.3,14078.23, -100.90,  -16.09,    35.007,   80.0095,    45.500
 22681.9,14072.96,  -96.60,  -15.76,    35.015,   80.0098,    45.500
 22683.6,14063.11,  -92.15,  -15.46,    34.991,   80.0098,    45.500
 22685.2,14058.41,  -98.94,  -15.44,    35.001,   80.0093,    45.500
 22686.9,14059.44,  -92.30,  -15.42,    35.001,   80.0090,    45.500
 22688.5,14061.13,  -95.48,  -15.42,    34.993,   80.0090,    45.500
 22690.1,14063.20,  -99.45,  -15.64,    35.002,   80.0070,    45.529
 22691.8,14063.32,  -98.38,  -15.48,    34.997,   80.0063,    45.513
 22693.5,14061.83,  -94.71,  -15.64,    34.997,   80.0063,    45.500
 22696.5,14059.88,  -98.00,  -15.59,    35.011,   80.0062,    45.500
 22698.0,14056.01, -100.06,  -15.38,    34.998,   80.0062,    45.500
 22699.6,14053.64,  -99.49,  -15.42,    35.000,   80.0059,    45.534
 22701.2,14064.04,  -93.30,  -16.08,    35.006,   80.0051,    45.562
 22702.8,14057.00,  -95.16,  -16.11,    35.002,   80.0051,    45.544
 22704.5,14058.29,  -97.70,  -16.30,    34.992,   80.0044,    45.560
 22706.1,14058.89,  -97.91,  -15.73,    34.994,   80.0032,    45.562
 22707.7,14065.96,  -93.04,  -15.68,    34.993,   80.0032,    45.562
 22709.4,14070.51,  -95.27,  -15.45,    35.000,   80.0033,    45.562
 22711.0,14072.98,  -95.82,  -15.31,    35.011,   80.0037,    45.562
 22712.6,14071.60,  -95.08,  -15.90,    34.993,   80.0037,    45.562
 22714.2,14074.76,  -95.00,  -15.59,    34.982,   80.0035,    45.562
 22715.9,14085.23,  -96.39,  -15.64,    35.006,   80.0018,    45.562
 22717.5,14091.30,  -97.57,  -16.11,    35.011,   80.0018,    45.562
 22719.1,14085.49,  -95.70,  -16.03,    34.981,   80.0018,    45.562
 22720.7,14093.09,  -97.50,  -15.46,    35.001,   80.0014,    45.562
 22722.2,14089.62,  -96.52,  -15.89,    34.987,   80.0014,    45.562
 22723.8,14087.64,  -95.40,  -15.05,    35.003,   80.0014,    45.562
 22726.8,14109.34,  -96.71,  -15.58,    35.012,   80.0010,    45.562
 22728.4,14105.36,  -99.27,  -16.03,    35.007,   80.0010,    45.584
 22730.0,14103.88,  -97.51,  -15.72,    35.001,   80.0006,    45.583
 22731.6,14101.59,  -99.85,  -15.19,    35.014,   80.0004,    45.625
 22733.2,14098.72,  -97.72,  -15.45,    34.996,   80.0004,    45.604
 22734.7,14109.29,  -96.73,  -15.46,    34.995,   80.0012,    45.625
 22736.3,14111.03,  -93.20,  -16.15,    35.000,   80.0026,    45.625
 22737.9,14104.72, -101.59,  -15.73,    35.012,   80.0026,    45.625
 22739.5,14110.20,  -97.33,  -15.98,    35.007,   80.0032,    45.625
 22741.2,14115.44,  -89.72,  -16.06,    35.000,   80.0038,    45.625
 22742.8,14115.73,  -95.50,  -15.60,    35.005,   80.0038,    45.625
 22744.4,14115.68,  -97.16,  -15.52,    35.013,   80.0044,    45.625
 22746.1,14117.72,  -94.37,  -15.60,    35.010,   80.0053,    45.625
 22747.7,14111.81,  -94.62,  -15.49,    35.005,   80.0053,    45.625
 22749.3,14119.96,  -94.78,  -15.36,    34.995,   80.0053,    45.625
 22750.9,14118.35, -101.40,  -15.47,    34.994,   80.0051,    45.625
 22752.6,14122.28,  -96.55,  -15.45,    34.996,   80.0051,    45.625
 22754.3,14130.10,  -91.24,  -15.66,    35.015,   80.0051,    45.625
 22757.3,14112.64,  -95.93,  -16.16,    34.983,   80.0050,    45.625
 22759.0,14118.68,  -98.53,  -16.19,    35.004,   80.0050,    45.625
 22760.6,14114.99,  -96.58,  -16.17,    34.976,   80.0041,    45.625
 22762.3,14114.02,  -96.40,  -16.23,    34.984,   80.0041,    45.625
 22763.9,14112.68, -104.16,  -15.57,    35.011,   80.0040,    45.646
 22765.5,14111.91,  -96.63,  -15.82,    35.004,   80.0016,    45.625
 22767.1,14104.01,  -97.69,  -15.79,    34.994,   80.0016,    45.645
 22768.7,14103.20,  -94.19,  -15.80,    34.996,   80.0016,    45.651
 22770.4,14102.81,  -99.29,  -15.68,    34.982,   79.9988,    45.688
 22772.0,14110.61,  -93.08,  -15.62,    34.987,   79.9983,    45.688
 22773.6,14119.16,  -93.52,  -15.73,    35.016,   79.9983,    45.688
 22775.2,14111.66,  -96.80,  -15.94,    34.986,   79.9980,    45.688
 22776.8,14108.86,  -94.33,  -15.35,    35.000,   79.9979,    45.688
 22778.4,14104.29,  -97.23,  -15.23,    35.019,   79.9979,    45.667
 22780.1,14096.67,  -97.01,  -15.33,    34.991,   79.9967,    45.688
 22781.7,14099.52,  -98.52,  -15.39,    34.995,   79.9964,    45.688
 22783.3,14104.62,  -97.04,  -15.92,    35.006,   79.9964,    45.688
 22784.9,14108.56,  -95.35,  -15.57,    35.001,   79.9972,    45.688
 22787.9,14111.98,  -95.44,  -15.75,    34.996,   79.9978,    45.688
 22789.6,14115.85,  -98.01,  -16.18,    34.980,   79.9977,    45.688
 22791.2,14122.95,  -97.62,  -15.92,    34.998,   79.9972,    45.688
 22792.8,14121.99,  -98.62,  -15.93,    35.007,   79.9972,    45.688
 22794.5,14120.19,  -98.60,  -16.14,    35.012,   79.9985,    45.688
 22796.1,14122.72,  -97.79,  -15.72,    34.990,   80.0010,    45.688
 22797.7,14118.38,  -99.59,  -15.39,    35.005,   80.0010,    45.690
 22799.3,14128.97,  -96.86,  -15.78,    35.010,   80.0010,    45.726
 22800.9,14123.87,  -91.60,  -15.91,    35.002,   80.0020,    45.709
 22802.5,14134.44,  -95.06,  -15.70,    34.998,   80.0020,    45.721
 22804.1,14136.92,  -94.89,  -15.82,    35.004,   80.0021,    45.728
 22805.7,14135.83,  -96.82,  -15.48,    35.001,   80.0022,    45.750
 22807.3,14137.45,  -98.92,  -15.31,    35.008,   80.0022,    45.750
 22808.9,14138.43,  -93.62,  -16.05,    34.998,   80.0022,    45.750
 22810.5,14138.37,  -95.83,  -15.33,    35.011,   80.0026,    45.750
 22812.1,14141.08, -100.35,  -15.18,    35.007,   80.0026,    45.750
 22813.7,14148.62,  -94.27,  -15.88,    35.006,   80.0026,    45.750
 22815.4,14143.05,  -96.26,  -15.50,    35.002,   80.0033,    45.750
 22818.3,14150.12,  -95.73,  -15.72,    35.003,   80.0034,    45.750
 22819.9,14153.89,  -94.53,  -15.81,    34.989,   80.0033,    45.750
 22821.5,14160.30,  -94.70,  -15.55,    34.996,   80.0031,    45.750
 22823.1,14167.04,  -99.78,  -16.00,    35.009,   80.0031,    45.750
 22824.7,14161.16,  -97.49,  -15.88,    35.009,   80.0026,    45.750
 22826.4,14158.45,  -94.47,  -15.57,    35.003,   80.0023,    45.750
