apply_cal+QC/WISPER_raw_data/WISPER_20160914_rawField.ict
40, 1001
David Noone
Oregon State University
Water Vapor Isotopic Analyzer (Picarro L2120i) - H2O concentration, D/H and 18O/16O isotope ratios (delta notation)
ORACLES
1, 1
2016, 09, 14, 2016, 09, 14
0
Start_UTC, seconds
6
1, 1, 1, 1, 1, 1
-9999, -9999, -9999, -9999, -9999, -9999
H2O_ppmv, ppmv
dD_permil, permil
d18O_permil, permil
pressure_cavity, torr
temp_cavity, degrees_celcius
temp_das, degrees_celcius
0
18
PI_CONTACT_INFO: Address: David Noone, CEOAS, Oregon State University, Corvallis OR 97331; email: nooned@oregonstate.edu
PLATFORM: NASA P3B (N426NA), sampling port side foward window from forward facing diffuser inlet
LOCATION: Aircraft location data decribed elsewhere
ASSOCIATED_DATA: see http://espoarchive.nasa.gov/archive/browse/oracles
INSTRUMENT_INFO: Water Vapor Isotopic Analyzer (Picarro L2120-i): cavity-ringdown tunable diode laser spectoscopy.
DATA_INFO: Units are ppmv for H2O and permil relative to SMOW for d18O and dD.
UNCERTAINTY: The absolute accuracy humidity dependent is in the range 1 % for H2O, 1 permil for dD and 0.5 permil for d18O.
ULOD_FLAG: -7777
ULOD_VALUE: N/A
LLOD_FLAG: -8888
LLOD_VALUE: N/A
DM_CONTACT_INFO: David Noone; Oregon State University; nooned@oregonstate.edu
PROJECT_INFO: ORACLES Mission August-October 2016; Southeast Atlantic/Walvis Bay, Namibia
STIPULATIONS_ON_USE: Until made public, only the ORACLES science team is allowed to use this data, per the ORACLES data protocol.
OTHER_COMMENTS: Data is uncalibrated, uncheck and not useful for science at this level
REVISION: RAW
RAW: Raw translation of Picarro output files to ICARTT format
Start_UTC, H2O_ppmv, dD_permil, d18O_permil, pressure_cavity, temp_cavity, temp_das
 24094.3,13188.47, -130.14,   13.35,    35.001,   78.4842,    40.734
 24096.4,13262.40,  -25.99,   -9.12,    35.010,   78.5246,    40.750
[from data line 18783]
 57185.4, 7603.64, -110.06,  -15.19,    34.996,   79.9977,    48.750
 57187.0, 7822.34, -108.53,  -16.29,    34.997,   79.9974,    48.750
 57188.6, 7924.81, -105.26,  -16.37,    35.009,   79.9974,    48.750
 57190.2, 7995.45, -112.85,  -16.30,    35.002,   79.9975,    48.734
 57191.8, 8114.89, -102.37,  -16.91,    34.985,   79.9975,    48.744
 57193.5, 8298.13, -108.62,  -16.48,    35.011,   79.9975,    48.750
 57195.2, 8510.07, -101.52,  -16.35,    35.029,   79.9978,    48.750
 57198.2, 8872.58,  -97.17,  -17.23,    34.999,   79.9979,    48.750
 57199.9, 9044.14, -105.17,  -17.14,    35.004,   79.9986,    48.750
 57201.7, 9212.33, -104.15,  -15.59,    35.015,   79.9995,    48.729
 57203.3, 9392.92, -105.13,  -16.01,    34.999,   79.9995,    48.712
 57205.0, 9591.77,  -97.75,  -15.50,    34.979,   80.0002,    48.690
 57206.7, 9850.71, -103.31,  -15.40,    35.004,   80.0014,    48.750
 57208.4,10175.22, -100.87,  -16.03,    35.021,   80.0014,    48.750
 57210.0,10528.56, -107.59,  -17.05,    34.996,   80.0016,    48.711
 57211.7,10854.10,  -99.69,  -16.70,    35.012,   80.0017,    48.688
 57213.3,11084.36,  -98.02,  -15.61,    35.027,   80.0017,    48.714
 57214.9,11299.36,  -90.52,  -16.22,    34.994,   80.0017,    48.750
 57216.5,11554.10,  -98.23,  -16.34,    35.022,   80.0013,    48.730
 57218.1,11833.67, -101.24,  -16.12,    35.001,   80.0013,    48.737
 57219.8,12106.96,  -98.43,  -16.40,    34.972,   80.0015,    48.713
 57221.4,12343.39,  -99.11,  -16.29,    35.001,   80.0020,    48.743
 57223.1,12538.36, -102.82,  -15.43,    35.014,   80.0020,    48.693
 57224.9,12699.89,  -96.39,  -15.88,    34.994,   80.0021,    48.706
 57226.6,12835.57,  -96.76,  -15.50,    34.975,   80.0023,    48.688
 57229.8,13025.68,  -96.60,  -15.77,    34.999,   80.0020,    48.688
 57231.5,13097.23,  -92.79,  -15.67,    34.950,   80.0012,    48.711
 57233.1,13165.91,  -97.43,  -15.34,    35.007,   80.0012,    48.750
 57234.8,13220.49,  -93.10,  -15.50,    35.035,   80.0009,    48.750
 57236.6,13248.18,  -95.02,  -15.81,    34.977,   79.9996,    48.732
 57238.3,13296.71,  -94.46,  -15.64,    35.003,   79.9996,    48.730
 57240.1,13350.22,  -97.44,  -15.71,    35.030,   79.9999,    48.713
 57241.7,13358.56,  -98.13,  -16.01,    35.020,   80.0007,    48.712
 57243.3,13386.60,  -97.17,  -15.70,    35.015,   80.0007,    48.688
 57245.0,13396.75,  -99.27,  -15.38,    34.991,   80.0001,    48.728
 57246.7,13418.58,  -97.20,  -15.43,    35.002,   79.9998,    48.708
 57248.3,13431.96,  -92.91,  -15.73,    35.011,   79.9998,    48.688
 57250.0,13439.02,  -93.23,  -15.67,    35.035,   79.9992,    48.688
 57251.7,13440.12,  -97.70,  -15.64,    35.004,   79.9988,    48.688
 57253.4,13450.62,  -94.94,  -15.70,    34.989,   79.9988,    48.688
 57255.1,13445.34,  -96.65,  -15.64,    34.979,   80.0000,    48.688
 57256.8,13468.88,  -95.22,  -15.43,    34.995,   80.0004,    48.688
 57258.4,13472.17,  -95.45,  -15.77,    34.990,   80.0004,    48.688
 57261.4,13496.01,  -93.91,  -15.11,    34.995,   79.9993,    48.688
 57263.0,13511.24,  -94.60,  -15.46,    34.996,   79.9993,    48.688
 57264.8,13522.87,  -93.85,  -15.54,    35.020,   79.9995,    48.684
 57266.5,13525.68,  -95.06,  -15.38,    35.024,   79.9999,    48.665
 57268.2,13512.38,  -98.11,  -15.43,    34.979,   79.9999,    48.688
 57269.8,13529.76,  -94.73,  -15.68,    35.003,   80.0002,    48.688
 57271.5,13527.07,  -96.59,  -15.80,    34.986,   80.0004,    48.688
 57273.2,13538.32,  -89.73,  -15.98,    34.989,   80.0004,    48.688
 57274.9,13554.23,  -97.06,  -15.62,    35.023,   80.0008,    48.688
 57276.5,13560.85,  -97.70,  -15.50,    35.028,   80.0012,    48.688
 57278.1,13558.88,  -90.82,  -15.78,    34.997,   80.0012,    48.688
 57279.7,13555.74,  -92.42,  -15.80,    34.988,   80.0020,    48.688
 57281.4,13563.35, -101.25,  -15.68,    35.000,   80.0025,    48.688
 57283.1,13578.00,  -93.95,  -15.66,    35.047,   80.0025,    48.672
 57284.9,13572.70,  -94.79,  -15.66,    34.999,   80.0026,    48.671
 57286.6,13572.71,  -94.95,  -16.07,    34.997,   80.0026,    48.688
 57288.2,13581.29,  -95.13,  -15.51,    35.010,   80.0026,    48.688
 57289.8,13586.25,  -92.98,  -16.33,    35.000,   80.0028,    48.629
 57292.8,13588.20,  -90.43,  -15.56,    34.990,   80.0029,    48.625
 57294.4,13562.01,  -86.33,  -16.86,    34.972,   80.0029,    48.625
 57296.0,13586.91,  -83.53,  -17.20,    35.026,   80.0028,    48.625
 57297.5,13557.29,  -64.93,  -17.62,    34.883,   80.0028,    48.620
 57299.1,13585.15,  -79.19,  -14.73,    35.034,   80.0028,    48.609
 57300.6,13575.19,  -40.50,  -19.30,    34.981,   80.0023,    48.625
 57302.2,13600.59,  -72.54,  -12.67,    35.049,   80.0022,    48.625
 57303.7,13590.26,  -77.70,  -14.90,    35.009,   80.0022,    48.625
 57305.3,13608.29,  -76.27,  -15.35,    35.042,   80.0019,    48.625
 57306.8,13569.40,  -55.77,  -18.76,    35.006,   80.0018,    48.625
 57308.3,13598.52,  -64.17,  -15.36,    35.028,   80.0018,    48.622
 57309.8,13595.83,  -65.82,  -16.99,    35.022,   80.0025,    48.562
 57311.4,13585.58,  -65.80,  -15.55,    35.011,   80.0037,    48.562
 57312.9,13589.81,  -67.63,  -16.31,    35.009,   80.0037,    48.562
 57314.4,13587.90,  -81.87,  -16.91,    35.029,   80.0032,    48.562
 57315.9,13603.26,  -84.10,  -14.78,    35.040,   80.0020,    48.562
 57317.5,13592.82,  -85.30,  -15.08,    34.982,   80.0020,    48.562
 57319.1,13582.83,  -94.86,  -14.34,    34.958,   80.0020,    48.562
 57322.0,13586.01,  -89.96,  -14.91,    34.998,   79.9995,    48.562
 57323.5,13593.30,  -95.57,  -16.70,    35.007,   79.9995,    48.584
 57325.1,13590.34,  -83.98,  -15.87,    34.995,   80.0005,    48.562
 57326.6,13577.58,  -85.86,  -15.83,    34.969,   80.0007,    48.569
 57328.1,13613.55,  -79.26,  -15.75,    35.069,   80.0007,    48.598
 57329.7,13571.03,  -85.10,  -16.37,    34.935,   80.0014,    48.562
 57331.2,13586.95,  -82.69,  -17.31,    34.973,   80.0019,    48.562
 57332.7,13590.91,  -71.86,  -15.98,    35.005,   80.0019,    48.615
 57334.3,13587.37,  -79.65,  -15.79,    34.978,   80.0019,    48.614
 57335.9,13587.22,  -80.89,  -15.38,    34.991,   80.0015,    48.573
 57337.4,13595.23,  -79.21,  -16.13,    35.015,   80.0015,    48.594
 57338.9,13601.42,  -84.27,  -15.48,    35.048,   80.0016,    48.562
 57340.5,13589.32,  -83.68,  -15.07,    35.039,   80.0026,    48.562
 57342.0,13579.39,  -87.44,  -15.58,    34.985,   80.0026,    48.562
 57343.5,13586.04,  -85.90,  -15.48,    34.990,   80.0026,    48.562
 57345.1,13582.62,  -85.44,  -16.10,    35.008,   80.0040,    48.562
 57346.6,13583.17,  -86.47,  -16.29,    35.006,   80.0047,    48.578
 57348.1,13584.97,  -86.89,  -15.71,    35.000,   80.0047,    48.569
 57351.1,13566.89,  -85.77,  -16.07,    34.969,   80.0048,    48.562
 57352.6,13586.92,  -88.33,  -15.60,    35.025,   80.0048,    48.584
 57354.1,13581.19,  -85.63,  -15.56,    34.999,   80.0051,    48.562
 57355.7,13548.32,  -89.36,  -15.04,    34.927,   80.0055,    48.562
 57357.3,13568.49,  -90.92,  -15.22,    34.954,   80.0055,    48.562
 57358.9,13564.75,  -92.45,  -15.12,    34.978,   80.0064,    48.609
 57360.5,13574.98,  -94.39,  -15.15,    35.005,   80.0073,    48.625
 57362.2,13584.96,  -94.37,  -16.15,    34.999,   80.0073,    48.625
 57363.9,13574.66,  -98.40,  -15.90,    35.014,   80.0073,    48.620
 57365.5,13567.63,  -89.32,  -15.51,    34.974,   80.0072,    48.570
 57367.3,13601.99,  -94.86,  -14.71,    35.059,   80.0072,    48.589
 57368.9,13576.47,  -98.86,  -15.66,    34.955,   80.0072,    48.599
 57370.5,13600.84,  -96.36,  -16.33,    35.003,   80.0093,    48.590
 57372.2,13599.43,  -96.86,  -15.47,    35.040,   80.0095,    48.562
 57373.7,13563.21,  -88.02,  -15.72,    34.988,   80.0095,    48.562
 57375.4,13571.38,  -91.23,  -16.11,    34.992,   80.0103,    48.583
 57377.0,13584.33,  -98.74,  -16.67,    34.989,   80.0103,    48.587
 57378.6,13592.30,  -99.31,  -16.47,    35.002,   80.0103,    48.598
 57381.6,13579.66,  -91.58,  -15.57,    34.998,   80.0093,    48.625
 57383.3,13585.35,  -92.11,  -15.63,    35.033,   80.0093,    48.608
 57385.1,13564.24, -100.25,  -16.17,    34.997,   80.0091,    48.575
 57386.7,13551.87,  -95.23,  -16.67,    34.996,   80.0089,    48.576
 57388.3,13558.44,  -95.65,  -15.34,    35.025,   80.0089,    48.611
 57389.9,13552.86, -100.48,  -15.39,    35.010,   80.0082,    48.618
 57391.6,13554.38,  -93.36,  -16.24,    34.992,   80.0074,    48.573
 57393.4,13561.21, -100.33,  -15.72,    34.994,   80.0074,    48.602
 57395.2,13566.36, -100.00,  -16.12,    35.001,   80.0063,    48.595
 57396.8,13563.21, -100.45,  -15.71,    35.010,   80.0060,    48.562
 57398.4,13554.00,  -92.65,  -15.80,    34.979,   80.0060,    48.562
 57400.1,13555.85,  -96.33,  -16.08,    34.988,   80.0054,    48.602
 57401.7,13563.54,  -97.36,  -15.59,    34.997,   80.0050,    48.622
 57403.4,13558.73,  -87.93,  -16.33,    34.960,   80.0050,    48.608
 57405.1,13561.20,  -94.12,  -15.94,    34.974,   80.0046,    48.610
 57406.8,13574.55,  -96.33,  -15.14,    35.008,   80.0044,    48.600
 57408.5,13584.24, -104.12,  -15.91,    35.050,   80.0044,    48.593
 57410.2,13562.94,  -92.55,  -16.48,    34.973,   80.0049,    48.576
 57413.2,13568.80,  -98.51,  -16.28,    34.989,   80.0050,    48.625
 57414.9,13566.86,  -96.17,  -16.47,    34.996,   80.0051,    48.625
 57416.6,13574.02,  -91.85,  -16.50,    35.000,   80.0051,    48.625
 57418.2,13577.06,  -98.57,  -16.08,    35.022,   80.0051,    48.625
 57420.0,13584.33,  -95.39,  -15.91,    35.042,   80.0047,    48.625
 57421.7,13569.42,  -97.19,  -15.25,    34.991,   80.0045,    48.625
 57423.5,13579.24,  -95.68,  -15.87,    35.038,   80.0045,    48.625
 57425.2,13574.45,  -91.79,  -16.15,    35.028,   80.0059,    48.605
 57426.9,13570.31,  -93.03,  -15.65,    35.032,   80.0062,    48.602
 57428.7,13569.47,  -97.02,  -15.70,    35.006,   80.0062,    48.625
 57430.4,13561.00,  -95.98,  -15.85,    34.992,   80.0043,    48.625
 57432.3,13565.12,  -94.28,  -16.19,    35.000,   80.0040,    48.625
 57434.1,13565.42,  -94.11,  -16.20,    34.994,   80.0040,    48.625
 57435.8,13560.08,  -99.29,  -15.89,    35.008,   80.0030,    48.625
 57437.4,13560.56,  -93.33,  -16.32,    34.971,   80.0029,    48.604
 57439.1,13569.95,  -95.74,  -16.26,    35.005,   80.0028,    48.625
 57440.8,13562.74,  -99.35,  -15.64,    35.014,   80.0026,    48.607
 57442.6,13555.84,  -94.96,  -16.29,    34.991,   80.0026,    48.605
 57445.7,13560.74,  -97.83,  -15.52,    34.995,   80.0014,    48.562
 57447.3,13568.71,  -93.59,  -16.19,    35.004,   80.0014,    48.589
 57449.0,13570.78,  -99.42,  -16.15,    35.015,   80.0015,    48.578
 57450.8,13557.74,  -96.10,  -15.42,    34.995,   80.0017,    48.584
 57452.5,13563.71,  -94.47,  -15.79,    35.006,   80.0017,    48.570
 57454.2,13567.67,  -92.92,  -15.63,    35.009,   80.0020,    48.625
 57456.0,13565.32,  -94.87,  -16.00,    35.002,   80.0026,    48.625
 57457.7,13572.24,  -88.33,  -15.62,    34.987,   80.0026,    48.625
 57459.5,13572.04,  -94.75,  -16.12,    34.999,   80.0026,    48.625
 57461.2,13575.56,  -97.85,  -15.77,    35.014,   80.0026,    48.625
 57463.0,13575.30,  -95.67,  -15.74,    35.014,   80.0026,    48.605
 57464.8,13564.74,  -97.12,  -15.46,    34.996,   80.0031,    48.625
 57466.6,13566.52,  -94.14,  -16.04,    34.992,   80.0037,    48.625
 57468.4,13566.90,  -98.13,  -15.45,    35.002,   80.0037,    48.625
 57470.1,13573.95,  -98.76,  -15.82,    35.006,   80.0037,    48.569
 57471.9,13579.75,  -95.07,  -15.79,    35.004,   80.0037,    48.579
 57473.7,13578.07,  -94.42,  -16.36,    34.985,   80.0037,    48.562
 57475.5,13588.39,  -97.24,  -15.78,    34.998,   80.0024,    48.562
 57478.7,13570.13,  -95.35,  -15.63,    34.981,   80.0024,    48.562
 57480.4,13562.06,  -93.29,  -15.96,    34.961,   80.0020,    48.562
 57482.2,13577.46,  -93.71,  -15.16,    35.007,   80.0019,    48.562
 57483.9,13565.44,  -97.12,  -15.61,    34.968,   80.0019,    48.562
 57485.6,13575.05,  -99.60,  -15.55,    35.007,   80.0009,    48.562
 57487.2,13579.98,  -92.50,  -15.15,    35.027,   80.0008,    48.562
 57488.8,13588.94,  -95.80,  -16.13,    35.016,   80.0008,    48.562
 57490.3,13586.90,  -94.35,  -15.92,    35.009,   79.9999,    48.562
 57491.9,13585.17,  -95.97,  -15.71,    35.013,   79.9995,    48.541
 57493.5,13582.75,  -92.71,  -15.95,    34.997,   79.9995,    48.542
 57495.1,13586.44,  -94.89,  -15.59,    35.013,   80.0007,    48.562
 57496.7,13576.76,  -91.85,  -16.09,    35.002,   80.0012,    48.542
 57498.4,13570.04,  -96.07,  -15.95,    34.984,   80.0012,    48.562
 57500.1,13558.86,  -94.09,  -15.61,    34.949,   80.0016,    48.562
 57501.7,13575.74,  -96.62,  -15.94,    35.008,   80.0019,    48.562
 57503.4,13577.50,  -97.96,  -16.00,    35.004,   80.0018,    48.547
 57505.1,13572.22,  -94.50,  -16.02,    34.978,   80.0015,    48.532
 57506.7,13569.43,  -94.56,  -15.80,    34.978,   80.0015,    48.500
 57509.7,13572.79,  -96.40,  -15.86,    34.989,   80.0019,    48.500
 57511.5,13581.47,  -95.03,  -15.68,    35.018,   80.0023,    48.500
 57513.1,13592.14, -100.84,  -15.94,    35.058,   80.0023,    48.500
 57514.7,13578.70,  -94.05,  -15.64,    35.021,   80.0022,    48.500
 57516.3,13576.90,  -97.03,  -15.97,    35.013,   80.0021,    48.500
 57517.9,13567.57,  -90.73,  -16.17,    34.984,   80.0021,    48.500
 57519.7,13567.97,  -94.39,  -14.89,    34.995,   80.0023,    48.500
 57521.5,13571.49,  -96.79,  -15.53,    34.987,   80.0027,    48.500
 57523.1,13569.68,  -98.48,  -16.00,    34.989,   80.0027,    48.487
 57524.8,13572.36,  -92.76,  -15.99,    34.997,   80.0030,    48.459
 57526.6,13577.01, -102.29,  -15.56,    35.002,   80.0032,    48.449
 57528.4,13574.56,  -98.86,  -16.20,    35.016,   80.0032,    48.500
 57530.0,13573.41,  -94.90,  -16.19,    35.018,   80.0024,    48.481
 57531.7,13564.78,  -95.88,  -16.08,    34.988,   80.0019,    48.458
 57533.4,13565.10,  -96.36,  -15.57,    34.998,   80.0019,    48.438
 57535.1,13575.82,  -94.02,  -15.94,    35.016,   80.0016,    48.438
 57536.8,13565.01,  -93.42,  -16.02,    35.005,   80.0013,    48.438
 57538.4,13566.09,  -94.95,  -16.05,    34.981,   80.0013,    48.438
 57541.5,13562.39,  -93.73,  -15.98,    35.005,   79.9991,    48.440
 57543.2,13560.99,  -97.39,  -15.66,    34.983,   79.9991,    48.438
 57545.0,13573.82,  -91.88,  -15.86,    35.023,   80.0004,    48.438
 57546.6,13568.16,  -97.75,  -15.32,    35.016,   80.0012,    48.438
 57548.2,13580.64,  -95.90,  -15.75,    35.025,   80.0012,    48.438
 57549.9,13580.48,  -93.61,  -16.03,    35.015,   80.0013,    48.438
 57551.5,13573.77,  -93.80,  -15.92,    35.023,   80.0015,    48.432
 57553.1,13568.39,  -93.02,  -16.14,    35.011,   80.0015,    48.391
 57554.7,13550.97,  -87.39,  -16.05,    34.944,   80.0020,    48.375
 57556.3,13564.58,  -94.49,  -16.42,    34.959,   80.0026,    48.375
 57557.9,13565.45,  -95.58,  -15.86,    34.969,   80.0026,    48.390
 57559.5,13577.88,  -97.81,  -16.01,    34.998,   80.0029,    48.418
 57561.2,13576.14,  -93.47,  -15.64,    35.020,   80.0038,    48.380
 57563.0,13568.99,  -98.06,  -15.74,    35.001,   80.0038,    48.375
 57564.6,13566.50,  -95.71,  -15.77,    35.012,   80.0040,    48.394
 57566.2,13565.48,  -95.36,  -15.48,    34.995,   80.0042,    48.410
 57567.9,13570.95,  -95.60,  -16.21,    34.996,   80.0042,    48.401
 57569.6,13570.23,  -99.92,  -16.16,    34.993,   80.0046,    48.375
 57572.7,13573.08,  -97.29,  -15.76,    35.004,   80.0051,    48.375
 57574.4,13568.74,  -98.36,  -15.80,    35.000,   80.0058,    48.375
 57576.1,13567.30,  -99.39,  -15.70,    34.999,   80.0062,    48.375
 57577.7,13569.46,  -92.68,  -15.86,    34.990,   80.0062,    48.375
 57579.4,13564.67,  -96.19,  -16.37,    35.005,   80.0061,    48.375
 57581.1,13569.25,  -98.44,  -16.27,    35.008,   80.0055,    48.375
 57582.7,13569.45,  -97.84,  -15.93,    35.013,   80.0055,    48.323
 57584.4,13572.79,  -97.78,  -16.25,    34.983,   80.0055,    48.312
