apply_cal+QC/WISPER_raw_data/WISPER_20160912_rawField.ict
40, 1001
David Noone
Oregon State University
Water Vapor Isotopic Analyzer (Picarro L2120i) - H2O concentration, D/H and 18O/16O isotope ratios (delta notation)
ORACLES
1, 1
2016, 09, 12, 2016, 09, 12
0
Start_UTC, seconds
6
1, 1, 1, 1, 1, 1
-9999, -9999, -9999, -9999, -9999, -9999
H2O_ppmv, ppmv
dD_permil, permil
d18O_permil, permil
pressure_cavity, torr
temp_cavity, degrees_celcius
temp_das, degrees_celcius
0
18
PI_CONTACT_INFO: Address: David Noone, CEOAS, Oregon State University, Corvallis OR 97331; email: nooned@oregonstate.edu
PLATFORM: NASA P3B (N426NA), sampling port side foward window from forward facing diffuser inlet
LOCATION: Aircraft location data decribed elsewhere
ASSOCIATED_DATA: see http://espoarchive.nasa.gov/archive/browse/oracles
INSTRUMENT_INFO: Water Vapor Isotopic Analyzer (Picarro L2120-i): cavity-ringdown tunable diode laser spectoscopy.
DATA_INFO: Units are ppmv for H2O and permil relative to SMOW for d18O and dD.
UNCERTAINTY: The absolute accuracy humidity dependent is in the range 1 % for H2O, 1 permil for dD and 0.5 permil for d18O.
ULOD_FLAG: -7777
ULOD_VALUE: N/A
LLOD_FLAG: -8888
LLOD_VALUE: N/A
DM_CONTACT_INFO: David Noone; Oregon State University; nooned@oregonstate.edu
PROJECT_INFO: ORACLES Mission August-October 2016; Southeast Atlantic/Walvis Bay, Namibia
STIPULATIONS_ON_USE: Until made public, only the ORACLES science team is allowed to use this data, per the ORACLES data protocol.
OTHER_COMMENTS: Data is uncalibrated, uncheck and not useful for science at this level
REVISION: RAW
RAW: Raw translation of Picarro output files to ICARTT format
Start_UTC, H2O_ppmv, dD_permil, d18O_permil, pressure_cavity, temp_cavity, temp_das
 20041.2,11195.25,   32.82,   88.94,    35.001,   78.4240,    40.312
 20043.3,11143.74,  146.80,   38.57,    35.016,   78.4299,    40.312
[from data line 16696]
 49773.0, 5819.19, -146.10,  -24.36,    35.024,   79.9993,    48.913
 49774.8, 5815.94, -158.64,  -24.06,    35.000,   79.9988,    48.875
 49776.5, 5812.21, -147.22,  -24.20,    35.005,   79.9983,    48.930
 49778.2, 5809.63, -146.50,  -24.08,    34.976,   79.9983,    48.938
 49779.8, 5810.57, -154.70,  -24.44,    34.992,   79.9979,    48.938
 49781.5, 5809.36, -151.27,  -24.36,    35.000,   79.9975,    48.927
 49783.2, 5807.56, -160.50,  -23.66,    35.016,   79.9975,    48.927
 49786.3, 5807.10, -158.13,  -23.72,    34.995,   79.9972,    48.938
 49788.0, 5809.87, -157.43,  -24.75,    34.995,   79.9972,    48.938
 49789.7, 5804.41, -144.25,  -24.13,    34.997,   79.9980,    48.938
 49791.3, 5810.37, -133.21,  -24.12,    35.012,   79.9986,    48.938
 49793.0, 5812.03, -153.29,  -24.70,    35.031,   79.9986,    48.938
 49794.7, 5803.00, -153.92,  -23.40,    34.998,   79.9994,    48.938
 49796.4, 5804.96, -150.76,  -24.77,    34.980,   80.0006,    48.938
 49798.1, 5805.88, -151.23,  -24.08,    34.994,   80.0006,    48.938
 49799.8, 5805.45, -156.39,  -24.26,    34.998,   80.0011,    48.915
 49801.5, 5802.57, -149.64,  -24.71,    34.992,   80.0020,    48.875
 49803.2, 5800.33, -149.05,  -23.89,    34.993,   80.0020,    48.910
 49804.9, 5799.59, -156.11,  -24.05,    35.005,   80.0019,    48.938
 49806.6, 5797.82, -157.66,  -24.11,    34.990,   80.0018,    48.938
 49808.4, 5797.72, -159.12,  -23.97,    35.012,   80.0018,    48.938
 49810.1, 5799.42, -159.65,  -24.44,    34.997,   80.0019,    48.938
 49811.8, 5797.39, -153.31,  -23.94,    35.000,   80.0020,    48.938
 49813.5, 5794.67, -157.26,  -24.02,    34.997,   80.0020,    48.938
 49815.2, 5792.16, -153.72,  -24.19,    34.991,   80.0021,    48.938
 49818.3, 5790.27, -154.07,  -23.97,    34.995,   80.0022,    48.961
 49819.9, 5789.89, -162.22,  -23.95,    34.996,   80.0024,    48.938
 49821.6, 5789.60, -159.43,  -24.13,    35.004,   80.0026,    48.948
 49823.4, 5793.29, -151.84,  -23.49,    34.986,   80.0026,    48.965
 49825.1, 5798.67, -143.59,  -23.75,    35.017,   80.0024,    48.998
 49826.7, 5796.53, -146.57,  -24.59,    34.986,   80.0023,    48.979
 49828.3, 5801.77, -158.63,  -24.75,    34.992,   80.0023,    48.974
 49830.0, 5798.50, -162.33,  -23.31,    35.034,   80.0018,    48.938
 49831.7, 5798.01, -149.35,  -24.15,    35.006,   80.0013,    48.956
 49833.4, 5800.56, -159.01,  -24.65,    34.998,   80.0013,    48.941
 49835.1, 5798.19, -149.53,  -23.66,    35.011,   80.0015,    48.938
 49836.9, 5793.27, -157.05,  -23.98,    34.983,   80.0016,    48.954
 49838.5, 5797.00, -155.50,  -23.59,    35.002,   80.0016,    48.942
 49840.2, 5793.62, -155.43,  -23.44,    35.006,   80.0011,    48.980
 49842.0, 5796.10, -143.14,  -24.34,    34.981,   80.0008,    48.986
 49843.7, 5793.61, -152.19,  -24.15,    34.987,   80.0008,    49.000
 49845.4, 5794.60, -149.03,  -23.86,    35.003,   79.9995,    48.967
 49847.0, 5791.36, -148.33,  -23.58,    35.027,   79.9995,    49.000
 49850.0, 5785.20, -144.75,  -23.71,    34.966,   80.0000,    49.000
 49851.8, 5792.42, -157.92,  -24.16,    35.016,   80.0001,    48.979
 49853.4, 5791.50, -148.55,  -25.40,    34.983,   80.0001,    49.000
 49855.1, 5791.16, -144.75,  -24.73,    35.023,   79.9997,    48.963
 49856.8, 5789.98, -158.81,  -23.74,    35.047,   79.9994,    48.973
 49858.5, 5785.18, -152.87,  -23.78,    35.023,   79.9994,    48.988
 49860.2, 5782.00, -151.88,  -24.11,    35.014,   79.9999,    48.961
 49861.9, 5779.16, -159.87,  -24.52,    35.001,   80.0001,    48.963
 49863.6, 5775.10, -158.21,  -23.93,    34.990,   80.0001,    49.000
 49865.3, 5774.01, -154.91,  -23.98,    34.995,   80.0001,    49.000
 49867.0, 5769.83, -155.70,  -24.41,    35.005,   80.0001,    49.000
 49868.5, 5762.57, -152.53,  -24.54,    34.994,   80.0001,    49.000
 49870.2, 5763.83, -142.86,  -23.98,    35.003,   79.9996,    49.000
 49871.9, 5760.72, -159.78,  -23.63,    35.016,   79.9994,    49.000
 49873.6, 5757.13, -146.26,  -23.69,    35.003,   79.9994,    49.000
 49875.3, 5757.04, -153.28,  -23.88,    34.965,   79.9996,    49.000
 49876.9, 5755.51, -155.17,  -24.28,    34.974,   79.9997,    49.000
 49878.6, 5759.86, -154.70,  -24.61,    34.993,   79.9997,    49.000
 49881.7, 5762.20, -150.35,  -24.49,    35.036,   80.0009,    49.000
 49883.4, 5754.57, -156.30,  -23.93,    34.996,   80.0009,    49.000
 49885.0, 5753.95, -151.51,  -24.39,    35.010,   80.0024,    49.019
 49886.7, 5754.46, -146.05,  -23.78,    34.994,   80.0031,    49.000
 49888.4, 5762.31, -150.77,  -24.31,    35.020,   80.0031,    49.000
 49890.1, 5754.40, -155.90,  -23.80,    34.992,   80.0025,    49.000
 49891.9, 5761.51, -148.96,  -24.30,    34.999,   80.0021,    49.000
 49893.6, 5757.01, -148.89,  -23.65,    34.997,   80.0021,    49.000
 49895.2, 5757.92, -148.80,  -23.88,    34.997,   80.0025,    49.000
 49896.9, 5759.57, -152.78,  -23.86,    35.021,   80.0028,    49.002
 49898.5, 5755.17, -147.23,  -24.93,    34.980,   80.0028,    49.025
 49900.2, 5756.12, -151.21,  -24.32,    34.979,   80.0030,    49.045
 49901.9, 5753.77, -149.83,  -24.09,    34.992,   80.0030,    49.042
 49903.6, 5749.65, -156.63,  -23.43,    34.999,   80.0030,    49.024
 49905.3, 5758.15, -141.23,  -24.26,    35.026,   80.0026,    49.000
 49906.9, 5753.68, -158.38,  -24.22,    35.024,   80.0023,    49.000
 49908.6, 5748.72, -150.62,  -24.44,    34.984,   80.0023,    49.000
 49910.3, 5748.03, -149.09,  -23.77,    35.008,   80.0023,    49.000
 49913.4, 5743.76, -153.14,  -23.28,    34.992,   80.0023,    49.000
 49915.1, 5747.34, -164.90,  -24.07,    35.013,   80.0012,    49.000
 49916.7, 5745.21, -155.55,  -23.47,    35.015,   80.0007,    49.000
 49918.3, 5746.47, -157.08,  -24.06,    35.006,   80.0007,    49.000
 49920.0, 5742.25, -156.75,  -24.45,    34.985,   79.9980,    49.000
 49921.6, 5743.54, -153.72,  -24.15,    35.006,   79.9974,    49.000
 49923.3, 5739.78, -163.33,  -23.86,    35.000,   79.9974,    49.023
 49925.0, 5739.84, -148.09,  -23.72,    34.990,   79.9986,    49.020
 49926.7, 5740.87, -155.78,  -23.83,    35.014,   79.9992,    49.047
 49928.4, 5736.44, -162.22,  -24.16,    35.002,   79.9992,    49.008
 49930.1, 5730.28, -152.43,  -23.96,    34.964,   79.9992,    49.060
 49931.8, 5734.11, -153.60,  -24.46,    34.979,   79.9992,    49.062
 49933.5, 5737.79, -168.45,  -24.25,    34.987,   79.9992,    49.062
 49935.2, 5738.40, -150.92,  -23.77,    34.987,   80.0001,    49.062
 49936.9, 5739.56, -141.06,  -23.78,    35.011,   80.0006,    49.062
 49938.5, 5741.30, -158.99,  -23.88,    35.027,   80.0006,    49.062
 49940.2, 5743.24, -151.03,  -24.65,    35.001,   80.0012,    49.062
 49941.8, 5740.36, -152.79,  -23.90,    35.004,   80.0015,    49.062
 49944.8, 5735.34, -157.67,  -23.69,    35.004,   80.0025,    49.062
 49946.4, 5739.52, -154.37,  -24.72,    35.009,   80.0033,    49.062
 49948.1, 5730.04, -152.37,  -23.86,    34.982,   80.0033,    49.062
 49949.8, 5733.63, -153.00,  -24.08,    35.007,   80.0038,    49.062
 49951.5, 5727.83, -151.93,  -23.98,    35.007,   80.0044,    49.062
 49953.2, 5723.28, -151.09,  -23.90,    34.992,   80.0044,    49.062
 49954.9, 5725.34, -155.55,  -24.15,    35.015,   80.0046,    49.062
 49956.6, 5721.42, -158.19,  -24.02,    35.003,   80.0047,    49.062
 49958.2, 5724.67, -144.27,  -24.58,    34.993,   80.0047,    49.030
 49959.8, 5716.53, -157.72,  -23.86,    34.979,   80.0053,    49.036
 49961.5, 5716.90, -141.03,  -23.73,    34.984,   80.0058,    49.011
 49963.1, 5720.36, -149.08,  -24.38,    34.996,   80.0058,    49.056
 49964.8, 5722.73, -154.99,  -23.99,    35.017,   80.0047,    49.057
 49966.7, 5719.27, -151.39,  -23.86,    35.017,   80.0029,    49.039
 49968.5, 5717.35, -156.26,  -24.44,    34.985,   80.0029,    49.062
 49970.1, 5714.65, -143.70,  -23.99,    35.008,   80.0024,    49.062
 49971.8, 5713.69, -152.73,  -22.96,    35.005,   80.0021,    49.062
 49973.4, 5716.59, -153.06,  -24.87,    34.987,   80.0021,    49.062
 49976.5, 5716.10, -142.87,  -24.63,    34.996,   80.0014,    49.062
 49978.2, 5712.24, -150.13,  -24.00,    34.994,   80.0014,    49.062
 49980.0, 5706.82, -148.03,  -23.50,    34.991,   80.0001,    49.062
 49981.8, 5703.78, -148.32,  -24.30,    35.017,   79.9990,    49.062
 49983.5, 5690.85, -156.56,  -24.11,    35.000,   79.9990,    49.062
 49985.2, 5675.99, -154.16,  -24.16,    34.969,   79.9996,    49.062
 49986.9, 5669.05, -151.53,  -24.02,    34.983,   79.9997,    49.083
 49988.5, 5661.21, -155.34,  -25.28,    34.982,   79.9997,    49.063
 49990.1, 5653.95, -141.58,  -24.16,    35.018,   79.9999,    49.062
 49991.8, 5647.67, -148.36,  -23.80,    35.024,   80.0000,    49.062
 49993.4, 5647.42, -153.70,  -23.45,    35.012,   80.0000,    49.062
 49995.1, 5648.47, -150.63,  -23.64,    35.001,   79.9998,    49.062
 49996.8, 5654.18, -156.81,  -23.69,    34.985,   79.9997,    49.062
 49998.5, 5666.95, -145.77,  -24.31,    35.004,   79.9997,    49.062
 50000.2, 5667.77, -153.60,  -24.10,    34.999,   79.9994,    49.062
 50002.0, 5666.65, -147.55,  -24.11,    34.989,   79.9993,    49.062
 50003.7, 5659.72, -157.46,  -23.55,    34.999,   79.9993,    49.062
 50005.5, 5655.58, -146.63,  -23.79,    35.002,   79.9983,    49.062
 50008.5, 5642.59, -154.42,  -23.74,    35.010,   79.9981,    49.073
 50010.1, 5635.25, -141.74,  -23.91,    34.981,   79.9981,    49.074
 50011.7, 5628.64, -150.07,  -23.59,    34.989,   79.9981,    49.099
 50013.4, 5635.10, -150.97,  -24.53,    34.985,   79.9981,    49.085
 50015.1, 5639.46, -148.47,  -23.75,    35.013,   79.9972,    49.110
 50016.8, 5646.35, -153.35,  -23.24,    35.008,   79.9968,    49.113
 50018.5, 5653.50, -149.77,  -23.96,    35.001,   79.9968,    49.115
 50020.1, 5654.21, -154.59,  -23.35,    35.018,   79.9972,    49.125
 50021.8, 5650.62, -145.06,  -23.49,    34.990,   79.9974,    49.087
 50023.6, 5648.83, -152.84,  -23.87,    34.999,   79.9974,    49.110
 50025.3, 5642.10, -146.02,  -24.07,    34.984,   79.9965,    49.062
 50026.9, 5638.24, -155.20,  -23.64,    34.991,   79.9964,    49.096
 50028.5, 5637.95, -156.41,  -24.44,    34.983,   79.9964,    49.111
 50030.2, 5637.32, -149.33,  -23.52,    35.012,   79.9955,    49.094
 50031.9, 5630.50, -161.93,  -23.87,    35.001,   79.9952,    49.062
 50033.6, 5622.29, -139.19,  -24.33,    34.980,   79.9952,    49.101
 50035.4, 5616.37, -160.12,  -23.66,    35.017,   79.9965,    49.108
 50037.0, 5600.50, -153.62,  -23.06,    35.017,   79.9969,    49.125
 50040.1, 5553.64, -145.59,  -24.72,    34.990,   79.9972,    49.125
 50041.8, 5518.00, -158.87,  -24.06,    35.012,   79.9972,    49.125
 50043.4, 5496.46, -152.96,  -24.03,    34.997,   79.9972,    49.108
 50045.1, 5492.24, -146.39,  -23.41,    35.002,   79.9976,    49.125
 50046.8, 5509.35, -143.28,  -24.54,    34.983,   79.9978,    49.125
 50048.5, 5529.87, -142.85,  -23.42,    35.002,   79.9978,    49.125
 50050.1, 5538.46, -155.41,  -23.37,    35.002,   79.9973,    49.125
 50051.8, 5540.69, -143.11,  -23.92,    34.988,   79.9970,    49.125
 50053.4, 5539.25, -151.83,  -23.97,    34.986,   79.9970,    49.125
 50055.0, 5534.82, -147.17,  -23.41,    34.998,   79.9969,    49.125
 50056.7, 5544.15, -147.99,  -23.72,    35.010,   79.9968,    49.125
 50058.4, 5547.71, -148.36,  -24.01,    35.011,   79.9968,    49.125
 50060.0, 5544.92, -144.86,  -23.93,    35.004,   79.9964,    49.125
 50061.7, 5544.55, -142.47,  -23.41,    34.992,   79.9961,    49.125
 50063.4, 5550.37, -150.14,  -23.36,    34.991,   79.9961,    49.125
 50065.0, 5563.17, -155.70,  -24.11,    35.009,   79.9961,    49.125
 50066.6, 5563.34, -153.57,  -22.91,    35.008,   79.9961,    49.125
 50068.3, 5570.65, -142.99,  -23.77,    35.006,   79.9961,    49.145
 50071.3, 5571.16, -151.60,  -23.38,    34.974,   79.9960,    49.145
 50073.0, 5576.33, -153.55,  -23.25,    35.013,   79.9960,    49.127
 50074.7, 5573.96, -136.46,  -22.86,    34.998,   79.9958,    49.125
 50076.4, 5577.23, -140.18,  -23.57,    35.002,   79.9955,    49.125
 50078.2, 5574.19, -148.82,  -23.62,    34.995,   79.9955,    49.125
 50079.9, 5575.90, -157.24,  -24.10,    34.998,   79.9954,    49.125
 50081.6, 5571.70, -149.39,  -23.68,    34.979,   79.9953,    49.125
 50083.4, 5573.58, -146.88,  -22.78,    35.020,   79.9953,    49.125
 50085.2, 5573.68, -153.53,  -23.58,    34.998,   79.9947,    49.125
 50086.9, 5578.02, -144.37,  -24.12,    35.014,   79.9945,    49.125
 50088.5, 5574.12, -154.82,  -23.76,    35.005,   79.9945,    49.125
 50090.2, 5569.40, -146.90,  -23.33,    34.980,   79.9958,    49.125
 50091.9, 5568.77, -147.67,  -23.39,    35.005,   79.9965,    49.125
 50093.6, 5560.19, -153.67,  -23.33,    35.012,   79.9965,    49.125
 50095.2, 5556.99, -152.24,  -24.05,    35.007,   79.9971,    49.125
 50096.9, 5548.94, -146.07,  -23.57,    34.979,   79.9975,    49.125
 50098.7, 5541.18, -153.62,  -23.93,    34.974,   79.9975,    49.125
 50100.3, 5542.92, -150.21,  -24.51,    34.987,   79.9972,    49.125
 50103.2, 5530.92, -142.23,  -23.66,    35.020,   79.9972,    49.125
 50104.9, 5534.98, -152.73,  -23.76,    35.022,   79.9969,    49.125
 50106.5, 5530.75, -143.96,  -23.88,    35.007,   79.9967,    49.125
 50108.2, 5527.14, -147.45,  -23.45,    35.004,   79.9967,    49.125
 50109.9, 5530.64, -151.28,  -23.68,    34.988,   79.9972,    49.125
 50111.6, 5533.87, -145.59,  -23.73,    34.996,   79.9976,    49.125
 50113.2, 5535.75, -143.15,  -23.53,    35.011,   79.9976,    49.125
 50114.9, 5528.17, -145.32,  -23.97,    34.973,   79.9974,    49.125
 50116.6, 5525.93, -143.48,  -23.60,    34.983,   79.9972,    49.125
 50118.3, 5522.43, -147.14,  -23.90,    35.000,   79.9972,    49.125
 50120.0, 5514.34, -149.34,  -23.57,    35.002,   79.9973,    49.125
 50121.7, 5510.66, -150.41,  -23.75,    35.008,   79.9973,    49.125
 50123.4, 5508.51, -153.29,  -23.51,    35.018,   79.9973,    49.125
 50125.1, 5508.42, -137.69,  -23.84,    34.998,   79.9971,    49.125
 50126.8, 5514.88, -147.69,  -23.87,    35.002,   79.9969,    49.125
 50128.4, 5519.92, -147.40,  -24.48,    35.006,   79.9969,    49.125
 50130.1, 5516.08, -154.18,  -23.06,    34.986,   79.9980,    49.125
 50131.9, 5523.54, -147.89,  -22.90,    35.022,   79.9986,    49.125
 50135.0, 5532.33, -154.03,  -22.96,    35.018,   79.9993,    49.125
 50136.7, 5525.50, -148.24,  -22.87,    34.990,   80.0000,    49.125
 50138.4, 5517.81, -152.30,  -23.21,    35.000,   80.0000,    49.131
 50140.1, 5505.34, -155.48,  -23.61,    35.005,   80.0005,    49.140
 50141.9, 5493.56, -157.76,  -23.78,    35.001,   80.0007,    49.125
 50143.6, 5481.55, -151.71,  -24.02,    34.993,   80.0007,    49.145
 50145.2, 5472.43, -159.27,  -23.48,    34.997,   80.0016,    49.125
 50147.0, 5462.96, -144.23,  -23.12,    34.978,   80.0021,    49.125
 50148.7, 5469.87, -142.53,  -23.98,    34.991,   80.0021,    49.125
 50150.4, 5464.68, -155.87,  -23.52,    35.016,   80.0027,    49.125
 50152.0, 5459.35, -151.31,  -23.50,    35.007,   80.0030,    49.125
 50153.8, 5461.68, -154.68,  -23.43,    35.025,   80.0030,    49.125
 50155.4, 5454.69, -145.55,  -23.98,    34.990,   80.0038,    49.125
 50157.0, 5446.08, -148.60,  -23.47,    35.018,   80.0038,    49.125
 50158.6, 5445.60, -145.92,  -23.34,    35.019,   80.0038,    49.125
 50160.3, 5438.90, -146.98,  -24.38,    34.986,   80.0045,    49.129
 50162.0, 5443.78, -150.97,  -23.54,    34.975,   80.0047,    49.163
 50163.6, 5461.41, -151.86,  -24.16,    34.989,   80.0047,    49.145
 50166.6, 5477.59, -143.02,  -23.19,    34.997,   80.0056,    49.125
 50168.3, 5505.64, -152.71,  -24.16,    35.013,   80.0056,    49.125
 50170.1, 5521.59, -150.04,  -23.61,    35.012,   80.0049,    49.125
 50171.7, 5524.68, -153.23,  -23.36,    35.015,   80.0045,    49.125
 50173.4, 5526.30, -144.31,  -24.09,    34.986,   80.0045,    49.125
 50175.1, 5524.90, -144.15,  -24.28,    34.980,   80.0047,    49.125
 50176.9, 5521.46, -145.17,  -24.06,    34.996,   80.0047,    49.138
 50178.6, 5520.77, -153.91,  -23.70,    35.023,   80.0047,    49.134
