apply_cal+QC/WISPER_raw_data/WISPER_20160912_rawField.ict
40, 1001
David Noone
Oregon State University
Water Vapor Isotopic Analyzer (Picarro L2120i) - H2O concentration, D/H and 18O/16O isotope ratios (delta notation)
ORACLES
1, 1
2016, 09, 12, 2016, 09, 12
0
Start_UTC, seconds
6
1, 1, 1, 1, 1, 1
-9999, -9999, -9999, -9999, -9999, -9999
H2O_ppmv, ppmv
dD_permil, permil
d18O_permil, permil
pressure_cavity, torr
temp_cavity, degrees_celcius
temp_das, degrees_celcius
0
18
PI_CONTACT_INFO: Address: David Noone, CEOAS, Oregon State University, Corvallis OR 97331; email: nooned@oregonstate.edu
PLATFORM: NASA P3B (N426NA), sampling port side foward window from forward facing diffuser inlet
LOCATION: Aircraft location data decribed elsewhere
ASSOCIATED_DATA: see http://espoarchive.nasa.gov/archive/browse/oracles
INSTRUMENT_INFO: Water Vapor Isotopic Analyzer (Picarro L2120-i): cavity-ringdown tunable diode laser spectoscopy.
DATA_INFO: Units are ppmv for H2O and permil relative to SMOW for d18O and dD.
UNCERTAINTY: The absolute accuracy humidity dependent is in the range 1 % for H2O, 1 permil for dD and 0.5 permil for d18O.
ULOD_FLAG: -7777
ULOD_VALUE: N/A
LLOD_FLAG: -8888
LLOD_VALUE: N/A
DM_CONTACT_INFO: David Noone; Oregon State University; nooned@oregonstate.edu
PROJECT_INFO: ORACLES Mission August-October 2016; Southeast Atlantic/Walvis Bay, Namibia
STIPULATIONS_ON_USE: Until made public, only the ORACLES science team is allowed to use this data, per the ORACLES data protocol.
OTHER_COMMENTS: Data is uncalibrated, uncheck and not useful for science at this level
REVISION: RAW
RAW: Raw translation of Picarro output files to ICARTT format
Start_UTC, H2O_ppmv, dD_permil, d18O_permil, pressure_cavity, temp_cavity, temp_das
 20041.2,11195.25,   32.82,   88.94,    35.001,   78.4240,    40.312
 20043.3,11143.74,  146.80,   38.57,    35.016,   78.4299,    40.312
[from data line 16001]
 48546.3,14916.53,  -92.56,  -16.64,    34.988,   79.9913,    48.672
 48547.9,14930.99,  -91.85,  -16.84,    34.978,   79.9913,    48.681
 48549.5,14975.89,  -98.74,  -17.28,    34.999,   79.9916,    48.688
 48551.1,15000.26,  -91.67,  -16.30,    35.025,   79.9923,    48.688
 48552.8,15038.29,  -93.69,  -16.75,    35.005,   79.9923,    48.669
 48554.4,15082.66,  -93.18,  -16.53,    34.988,   79.9925,    48.688
 48556.1,15126.16,  -93.23,  -16.21,    34.994,   79.9931,    48.681
 48557.8,15158.82,  -94.61,  -16.39,    35.006,   79.9931,    48.657
 48559.5,15179.87,  -91.92,  -16.83,    35.010,   79.9932,    48.688
 48561.3,15186.17,  -92.36,  -16.75,    35.014,   79.9936,    48.688
 48562.9,15166.58,  -94.86,  -17.12,    34.993,   79.9936,    48.688
 48564.6,15187.08,  -87.94,  -16.91,    35.009,   79.9936,    48.688
 48566.2,15171.91,  -95.59,  -16.19,    35.000,   79.9936,    48.688
 48567.9,15167.10,  -94.82,  -16.08,    35.011,   79.9936,    48.688
 48569.6,15146.68,  -93.48,  -16.48,    34.983,   79.9930,    48.688
 48571.3,15093.75,  -92.62,  -16.42,    34.979,   79.9919,    48.688
 48573.1,15069.54,  -95.57,  -17.05,    35.008,   79.9919,    48.688
 48574.8,15058.80,  -88.26,  -16.72,    35.003,   79.9912,    48.688
 48577.8,15097.01,  -90.65,  -16.87,    35.021,   79.9903,    48.688
 48579.4,15088.34,  -91.72,  -16.92,    34.988,   79.9903,    48.688
 48581.1,15105.64,  -92.16,  -16.87,    35.006,   79.9903,    48.688
 48582.7,15093.72,  -95.03,  -17.61,    35.001,   79.9903,    48.688
 48584.4,15048.44,  -94.14,  -17.16,    35.012,   79.9901,    48.688
 48586.0,15018.04,  -93.89,  -17.18,    34.998,   79.9898,    48.688
 48587.7,14982.29,  -95.33,  -16.42,    34.985,   79.9898,    48.694
 48589.5,14991.06,  -90.39,  -16.44,    35.008,   79.9899,    48.703
 48591.1,15026.88,  -94.21,  -16.71,    35.031,   79.9904,    48.688
 48592.8,15020.26,  -93.85,  -16.64,    34.996,   79.9904,    48.688
 48594.4,15051.35,  -95.64,  -16.61,    35.000,   79.9906,    48.688
 48596.2,15057.41,  -93.61,  -16.71,    35.003,   79.9908,    48.688
 48597.8,15058.28,  -93.48,  -16.89,    34.996,   79.9908,    48.688
 48599.5,15059.40,  -96.04,  -16.36,    35.003,   79.9911,    48.688
 48601.3,15016.92,  -94.18,  -16.67,    35.000,   79.9916,    48.688
 48603.0,14987.08,  -95.56,  -17.09,    35.005,   79.9916,    48.688
 48604.6,14985.13,  -93.79,  -16.09,    35.031,   79.9923,    48.688
 48606.3,14973.17,  -93.96,  -17.15,    35.015,   79.9937,    48.688
 48609.3,15019.89,  -94.41,  -16.31,    34.986,   79.9942,    48.688
 48611.0,15088.71,  -93.72,  -16.51,    35.027,   79.9955,    48.688
 48612.7,15078.40,  -92.36,  -16.17,    35.013,   79.9955,    48.688
 48614.4,15001.52,  -98.79,  -16.32,    35.002,   79.9954,    48.688
 48616.1,14922.22,  -91.92,  -17.40,    34.981,   79.9950,    48.688
 48617.8,14849.35,  -96.11,  -17.23,    35.003,   79.9950,    48.688
 48619.5,14814.04,  -92.55,  -16.91,    35.022,   79.9948,    48.688
 48621.2,14790.64,  -91.19,  -16.87,    34.995,   79.9945,    48.688
 48622.9,14795.27,  -90.58,  -17.18,    34.983,   79.9945,    48.688
 48624.6,14840.47,  -91.75,  -17.03,    34.984,   79.9946,    48.688
 48626.3,14898.87,  -96.94,  -16.85,    34.997,   79.9947,    48.688
 48628.0,14980.47,  -93.39,  -16.82,    35.022,   79.9947,    48.688
 48629.6,15042.57,  -99.47,  -16.04,    35.004,   79.9947,    48.708
 48631.2,15108.50,  -93.20,  -16.58,    35.028,   79.9947,    48.688
 48632.9,15151.63,  -91.21,  -16.69,    34.989,   79.9947,    48.688
 48634.5,15202.19,  -94.92,  -16.19,    35.009,   79.9943,    48.688
 48636.3,15231.04,  -89.01,  -16.55,    34.980,   79.9934,    48.688
 48638.0,15282.66,  -93.58,  -15.89,    35.012,   79.9934,    48.688
 48641.1,15359.95, -100.94,  -16.60,    35.025,   79.9916,    48.688
 48642.8,15389.38,  -87.20,  -16.11,    35.003,   79.9916,    48.688
 48644.5,15416.73,  -91.50,  -16.69,    34.985,   79.9916,    48.688
 48646.1,15449.25,  -91.57,  -16.51,    34.999,   79.9916,    48.688
 48647.8,15469.39,  -91.64,  -16.39,    34.991,   79.9916,    48.688
 48649.4,15499.17,  -92.81,  -16.16,    34.993,   79.9916,    48.688
 48651.1,15497.79,  -91.79,  -16.68,    34.982,   79.9913,    48.688
 48652.9,15466.88,  -93.72,  -16.25,    34.976,   79.9913,    48.688
 48654.6,15420.15,  -91.53,  -16.67,    35.014,   79.9918,    48.688
 48656.2,15369.05,  -90.51,  -16.67,    35.010,   79.9926,    48.688
 48657.8,15344.25,  -90.02,  -16.88,    34.996,   79.9926,    48.688
 48659.5,15373.87,  -94.71,  -16.27,    35.019,   79.9924,    48.688
 48661.2,15410.36,  -91.72,  -16.70,    35.027,   79.9919,    48.688
 48662.9,15408.96,  -91.45,  -16.79,    34.989,   79.9919,    48.666
 48664.6,15424.37,  -96.68,  -16.37,    35.011,   79.9924,    48.688
 48666.2,15429.00,  -91.73,  -16.67,    35.004,   79.9942,    48.688
 48667.9,15417.09,  -93.76,  -16.29,    34.992,   79.9942,    48.688
 48669.6,15383.47,  -89.49,  -16.64,    34.993,   79.9946,    48.688
 48672.7,15262.96,  -93.82,  -16.15,    34.994,   79.9953,    48.688
 48674.4,15177.18,  -86.58,  -16.78,    34.989,   79.9961,    48.688
 48676.2,15100.63,  -92.47,  -16.50,    34.982,   79.9975,    48.688
 48677.9,15048.16,  -97.49,  -16.21,    35.006,   79.9975,    48.688
 48679.6,15017.12,  -91.99,  -16.51,    35.016,   79.9975,    48.688
 48681.3,14988.47,  -94.17,  -17.19,    35.004,   79.9973,    48.688
 48683.0,14993.80,  -92.41,  -17.25,    35.009,   79.9973,    48.688
 48684.8,15024.44,  -91.40,  -16.16,    35.021,   79.9981,    48.688
 48686.5,15040.01,  -92.03,  -16.05,    35.014,   79.9986,    48.688
 48688.2,15056.77,  -93.39,  -17.37,    34.974,   79.9986,    48.688
 48689.9,15077.29,  -91.95,  -16.65,    35.024,   79.9984,    48.688
 48691.5,15081.43,  -95.02,  -16.90,    35.010,   79.9983,    48.688
 48693.2,15103.11,  -94.52,  -17.07,    34.974,   79.9983,    48.688
 48694.8,15126.13,  -91.79,  -17.04,    34.995,   79.9987,    48.688
 48696.5,15158.00,  -95.21,  -16.21,    35.015,   79.9989,    48.688
 48698.3,15174.03,  -94.20,  -16.61,    34.995,   79.9989,    48.688
 48699.9,15150.82,  -95.04,  -17.20,    34.983,   79.9990,    48.688
 48701.6,15096.68,  -88.63,  -15.49,    34.992,   79.9991,    48.688
 48704.7,14995.52,  -90.29,  -16.33,    35.004,   79.9988,    48.688
 48706.4,14974.99,  -96.87,  -16.81,    35.007,   79.9985,    48.688
 48708.0,14971.27,  -92.72,  -16.56,    35.009,   79.9985,    48.686
 48709.8,14977.78,  -90.55,  -17.27,    34.988,   79.9992,    48.668
 48711.4,14997.23,  -94.62,  -16.58,    34.999,   80.0000,    48.663
 48713.1,15018.04,  -96.34,  -16.90,    35.013,   80.0000,    48.641
 48714.9,15017.59,  -92.19,  -16.73,    35.006,   79.9996,    48.671
 48716.6,14982.72,  -95.40,  -16.46,    34.995,   79.9993,    48.662
 48718.3,14895.51,  -95.08,  -16.93,    34.972,   79.9993,    48.656
 48720.1,14796.36,  -93.32,  -16.94,    35.002,   79.9996,    48.684
 48721.8,14683.45,  -93.35,  -16.62,    34.977,   79.9997,    48.688
 48723.4,14592.58,  -95.62,  -17.39,    34.967,   79.9997,    48.688
 48725.1,14533.54,  -95.11,  -16.47,    34.993,   79.9983,    48.688
 48726.7,14495.27,  -98.27,  -17.18,    35.025,   79.9980,    48.688
 48728.4,14454.35,  -90.96,  -16.96,    34.969,   79.9980,    48.667
 48730.0,14459.59,  -95.03,  -16.72,    35.011,   79.9975,    48.688
 48731.6,14449.95,  -93.61,  -16.73,    35.008,   79.9970,    48.688
 48733.3,14428.35,  -93.96,  -16.28,    35.008,   79.9970,    48.688
 48736.3,14415.19, -101.24,  -17.74,    34.942,   79.9985,    48.688
 48737.9,14436.14,  -94.29,  -16.48,    34.998,   79.9985,    48.688
 48739.6,14463.69,  -94.65,  -16.98,    35.018,   79.9982,    48.688
 48741.2,14469.09,  -96.92,  -16.75,    35.042,   79.9975,    48.667
 48742.8,14423.18,  -95.54,  -16.64,    35.021,   79.9975,    48.688
 48744.6,14379.71,  -93.59,  -16.76,    34.986,   79.9987,    48.688
 48746.4,14338.81,  -94.15,  -17.05,    34.944,   80.0000,    48.688
 48748.2,14304.53,  -97.03,  -16.82,    34.974,   80.0000,    48.688
 48749.9,14248.60,  -96.94,  -16.71,    35.001,   80.0001,    48.688
 48751.5,14196.21,  -97.64,  -16.80,    35.026,   80.0001,    48.688
 48753.2,14107.36,  -96.86,  -17.19,    34.996,   80.0001,    48.688
 48754.9,14050.09,  -98.89,  -17.05,    35.005,   80.0005,    48.688
 48756.6,13983.00,  -96.02,  -17.06,    34.998,   80.0008,    48.688
 48758.3,13937.28, -100.74,  -17.28,    35.009,   80.0008,    48.688
 48760.0,13865.59,  -97.84,  -16.29,    35.017,   80.0015,    48.688
 48761.8,13781.30,  -99.44,  -17.16,    34.994,   80.0022,    48.719
 48763.5,13733.77,  -97.66,  -17.25,    35.000,   80.0022,    48.695
 48765.2,13721.46, -103.68,  -17.21,    35.014,   80.0020,    48.696
 48768.3,13746.52,  -96.75,  -16.55,    35.023,   80.0019,    48.688
 48770.0,13772.43,  -93.90,  -17.82,    34.973,   80.0011,    48.688
 48771.7,13807.84,  -95.90,  -16.91,    34.990,   80.0001,    48.706
 48773.4,13804.43,  -93.22,  -16.75,    35.008,   80.0001,    48.709
 48775.1,13746.88,  -97.31,  -17.19,    34.987,   80.0002,    48.735
 48776.8,13660.89,  -98.10,  -17.18,    34.993,   80.0002,    48.733
 48778.5,13595.22,  -97.17,  -16.96,    35.013,   80.0002,    48.694
 48780.1,13528.28,  -96.62,  -17.09,    34.992,   80.0010,    48.688
 48781.7,13485.93,  -97.82,  -16.79,    35.011,   80.0016,    48.688
 48783.4,13451.25,  -96.39,  -17.32,    34.985,   80.0016,    48.688
 48785.0,13443.56,  -97.41,  -17.10,    35.000,   80.0020,    48.688
 48786.7,13430.02,  -99.57,  -16.76,    35.021,   80.0023,    48.718
 48788.3,13432.36,  -96.80,  -16.72,    35.013,   80.0023,    48.731
 48790.1,13462.04,  -90.50,  -16.87,    34.997,   80.0020,    48.697
 48791.8,13510.62,  -96.79,  -17.23,    34.995,   80.0018,    48.717
 48793.6,13551.77,  -99.26,  -16.75,    35.004,   80.0018,    48.700
 48795.3,13560.25,  -97.80,  -16.50,    34.978,   80.0018,    48.688
 48797.0,13592.57, -101.39,  -16.33,    34.978,   80.0018,    48.705
 48800.0,13570.32,  -97.61,  -16.85,    35.001,   80.0017,    48.688
 48801.6,13501.33,  -87.50,  -16.22,    34.990,   80.0017,    48.688
 48803.2,13502.15,  -99.42,  -17.53,    35.008,   80.0017,    48.708
 48804.9,13565.57,  -96.14,  -18.01,    34.989,   80.0021,    48.734
 48806.6,13760.26,  -93.62,  -16.84,    34.994,   80.0025,    48.750
 48808.3,14011.12,  -99.75,  -16.58,    34.999,   80.0025,    48.750
 48810.0,14286.26, -102.52,  -16.41,    35.027,   80.0033,    48.710
 48811.6,14522.11,  -99.41,  -16.51,    35.028,   80.0036,    48.750
 48813.3,14688.94,  -95.63,  -16.35,    35.015,   80.0036,    48.699
 48815.1,14748.10,  -93.82,  -16.69,    34.992,   80.0039,    48.703
 48816.9,14757.38,  -96.68,  -16.53,    35.011,   80.0041,    48.718
 48818.6,14767.70,  -94.61,  -16.82,    34.974,   80.0041,    48.688
 48820.3,14801.95,  -94.61,  -16.75,    35.011,   80.0038,    48.737
 48822.0,14761.77,  -91.68,  -17.08,    34.997,   80.0037,    48.750
 48823.6,14678.41,  -95.91,  -16.77,    34.994,   80.0037,    48.712
 48825.2,14604.54,  -96.27,  -15.98,    35.015,   80.0051,    48.708
 48827.0,14533.27,  -95.72,  -16.55,    35.003,   80.0059,    48.730
 48828.7,14446.29,  -97.50,  -17.21,    34.991,   80.0059,    48.750
 48831.8,14221.63,  -90.88,  -16.10,    35.010,   80.0065,    48.750
 48833.5,14103.78,  -91.87,  -16.26,    35.028,   80.0065,    48.750
 48835.2,13980.53,  -92.76,  -16.77,    34.991,   80.0060,    48.733
 48837.0,13880.09,  -96.15,  -16.96,    34.991,   80.0056,    48.750
 48838.8,13792.33,  -98.99,  -16.87,    34.997,   80.0056,    48.750
 48840.4,13701.15,  -95.43,  -17.22,    35.000,   80.0040,    48.750
 48842.1,13635.89,  -93.30,  -17.32,    35.003,   80.0040,    48.750
 48843.9,13574.42,  -98.69,  -17.35,    34.988,   80.0040,    48.750
 48845.5,13528.20,  -96.77,  -17.44,    34.985,   80.0030,    48.746
 48847.1,13482.36, -103.70,  -16.76,    34.991,   80.0029,    48.716
 48848.7,13469.48,  -97.81,  -17.10,    35.017,   80.0029,    48.750
 48850.3,13440.96, -100.71,  -17.76,    35.024,   80.0013,    48.750
 48852.1,13410.48, -101.13,  -17.66,    34.997,   80.0009,    48.750
 48853.9,13411.89,  -99.21,  -17.18,    34.991,   80.0009,    48.750
 48855.6,13442.29, -100.73,  -17.13,    35.009,   80.0010,    48.750
 48857.2,13463.63,  -99.62,  -17.18,    35.020,   80.0010,    48.750
 48858.9,13505.88,  -96.23,  -17.27,    34.977,   80.0010,    48.750
 48860.6,13566.74,  -96.69,  -16.93,    34.990,   80.0009,    48.731
 48863.7,13559.13,  -95.15,  -16.82,    34.985,   80.0008,    48.750
 48865.3,13552.47, -100.88,  -16.90,    35.043,   80.0011,    48.750
 48867.0,13529.64, -100.72,  -17.25,    35.006,   80.0012,    48.736
 48868.7,13506.95,  -95.54,  -17.18,    34.982,   80.0012,    48.742
 48870.3,13467.89,  -96.77,  -17.09,    34.964,   80.0017,    48.750
 48871.9,13420.94,  -94.90,  -17.39,    34.999,   80.0017,    48.729
 48873.6,13376.66,  -97.95,  -17.12,    35.050,   80.0017,    48.729
 48875.3,13376.08, -101.69,  -17.45,    35.007,   80.0027,    48.750
 48877.0,13507.39,  -98.98,  -18.15,    34.985,   80.0029,    48.750
 48878.7,13723.77, -101.92,  -17.43,    34.999,   80.0029,    48.736
 48880.5,13839.52,  -98.87,  -16.75,    35.014,   80.0030,    48.743
 48882.2,13790.95,  -97.95,  -17.00,    35.003,   80.0030,    48.748
 48883.9,13672.04,  -99.08,  -17.22,    35.005,   80.0030,    48.731
 48885.6,13566.53,  -98.99,  -16.82,    35.013,   80.0024,    48.750
 48887.3,13483.09,  -95.95,  -17.59,    34.946,   80.0023,    48.750
 48888.9,13497.37,  -97.89,  -17.09,    35.000,   80.0023,    48.750
 48890.6,13515.37, -101.06,  -17.18,    35.011,   80.0023,    48.750
 48892.4,13483.78,  -97.32,  -18.14,    34.989,   80.0023,    48.750
 48895.4,13420.16,  -92.23,  -17.22,    35.006,   80.0028,    48.732
 48897.1,13441.86, -100.74,  -16.63,    35.002,   80.0029,    48.750
 48898.8,13451.92,  -96.46,  -17.40,    35.017,   80.0029,    48.729
 48900.5,13416.74,  -89.76,  -17.14,    35.000,   80.0022,    48.750
 48902.2,13394.51,  -99.28,  -17.66,    34.987,   80.0022,    48.750
 48904.0,13421.30,  -97.69,  -16.70,    35.051,   80.0023,    48.750
 48905.7,13397.08,  -97.49,  -18.66,    34.960,   80.0036,    48.750
 48907.4,13365.83,  -89.44,  -16.15,    35.036,   80.0036,    48.750
 48909.1,13299.86,  -94.50,  -17.26,    34.980,   80.0036,    48.750
 48910.7,13263.45,  -97.66,  -17.17,    34.992,   80.0019,    48.750
 48912.4,13262.59, -100.20,  -17.18,    34.960,   80.0019,    48.750
 48914.1,13376.13,  -97.97,  -16.97,    35.041,   80.0017,    48.750
 48915.9,13511.18, -101.75,  -16.89,    35.036,   80.0011,    48.750
 48917.6,13620.80, -101.54,  -17.05,    34.999,   80.0011,    48.750
 48919.3,13796.81,  -96.88,  -17.45,    35.003,   80.0008,    48.750
 48921.1,14006.37,  -95.61,  -15.90,    35.006,   80.0002,    48.750
 48922.7,14146.57,  -94.96,  -16.71,    34.990,   80.0002,    48.750
 48924.5,14172.29,  -99.64,  -16.78,    34.972,   79.9994,    48.750
 48927.6,14209.82,  -95.39,  -16.33,    34.980,   79.9982,    48.750
 48929.3,14266.32,  -91.69,  -16.96,    35.029,   79.9984,    48.750
 48931.0,14272.91,  -87.89,  -15.94,    34.985,   79.9994,    48.750
 48932.6,14311.17, -101.10,  -17.21,    34.965,   79.9994,    48.750
 48934.3,14393.24,  -96.87,  -16.28,    35.015,   79.9994,    48.750
 48936.0,14422.07, -104.72,  -16.98,    35.004,   80.0004,    48.750
 48937.7,14373.22,  -91.48,  -16.15,    34.972,   80.0004,    48.750
 48939.4,14430.91,  -99.24,  -16.39,    35.060,   80.0003,    48.750
 48941.0,14505.32,  -93.63,  -16.97,    35.035,   79.9995,    48.750
 48942.6,14524.60,  -95.45,  -17.54,    34.953,   79.9995,    48.750
 48944.3,14477.95,  -93.42,  -16.68,    35.008,   79.9997,    48.750
 48945.9,14321.56,  -91.43,  -17.09,    34.985,   80.0001,    48.769
 48947.6,14185.14,  -94.96,  -16.51,    35.037,   80.0001,    48.773
 48949.3,14037.28,  -90.58,  -17.89,    35.000,   80.0001,    48.777
