apply_cal+QC/WISPER_raw_data/WISPER_20160912_rawField.ict
40, 1001
David Noone
Oregon State University
Water Vapor Isotopic Analyzer (Picarro L2120i) - H2O concentration, D/H and 18O/16O isotope ratios (delta notation)
ORACLES
1, 1
2016, 09, 12, 2016, 09, 12
0
Start_UTC, seconds
6
1, 1, 1, 1, 1, 1
-9999, -9999, -9999, -9999, -9999, -9999
H2O_ppmv, ppmv
dD_permil, permil
d18O_permil, permil
pressure_cavity, torr
temp_cavity, degrees_celcius
temp_das, degrees_celcius
0
18
PI_CONTACT_INFO: Address: David Noone, CEOAS, Oregon State University, Corvallis OR 97331; email: nooned@oregonstate.edu
PLATFORM: NASA P3B (N426NA), sampling port side foward window from forward facing diffuser inlet
LOCATION: Aircraft location data decribed elsewhere
ASSOCIATED_DATA: see http://espoarchive.nasa.gov/archive/browse/oracles
INSTRUMENT_INFO: Water Vapor Isotopic Analyzer (Picarro L2120-i): cavity-ringdown tunable diode laser spectoscopy.
DATA_INFO: Units are ppmv for H2O and permil relative to SMOW for d18O and dD.
UNCERTAINTY: The absolute accuracy humidity dependent is in the range 1 % for H2O, 1 permil for dD and 0.5 permil for d18O.
ULOD_FLAG: -7777
ULOD_VALUE: N/A
LLOD_FLAG: -8888
LLOD_VALUE: N/A
DM_CONTACT_INFO: David Noone; Oregon State University; nooned@oregonstate.edu
PROJECT_INFO: ORACLES Mission August-October 2016; Southeast Atlantic/Walvis Bay, Namibia
STIPULATIONS_ON_USE: Until made public, only the ORACLES science team is allowed to use this data, per the ORACLES data protocol.
OTHER_COMMENTS: Data is uncalibrated, uncheck and not useful for science at this level
REVISION: RAW
RAW: Raw translation of Picarro output files to ICARTT format
Start_UTC, H2O_ppmv, dD_permil, d18O_permil, pressure_cavity, temp_cavity, temp_das
 20041.2,11195.25,   32.82,   88.94,    35.001,   78.4240,    40.312
 20043.3,11143.74,  146.80,   38.57,    35.016,   78.4299,    40.312
[from data line 13218]
 43632.7, 1532.94, -178.95,  -34.24,    34.988,   80.0069,    47.594
 43634.5, 1671.23, -216.13,  -31.52,    34.970,   80.0070,    47.625
 43636.2, 1813.72, -227.87,  -30.28,    35.015,   80.0071,    47.605
 43637.8, 1941.06, -225.51,  -32.90,    35.005,   80.0071,    47.609
 43639.4, 2044.88, -208.66,  -27.89,    34.989,   80.0079,    47.625
 43641.1, 2118.52, -193.76,  -28.50,    34.989,   80.0092,    47.619
 43642.7, 2144.24, -176.96,  -29.29,    34.993,   80.0092,    47.570
 43644.4, 2120.61, -199.41,  -25.77,    35.013,   80.0094,    47.577
 43646.2, 2081.88, -198.68,  -26.41,    35.013,   80.0101,    47.618
 43647.9, 2036.60, -203.73,  -28.33,    35.014,   80.0101,    47.605
 43649.5, 1981.22, -169.77,  -25.90,    35.011,   80.0099,    47.609
 43652.7, 1886.48, -180.39,  -29.04,    34.988,   80.0098,    47.591
 43654.4, 1824.02, -243.64,  -25.96,    34.986,   80.0095,    47.586
 43656.1, 1775.15, -191.19,  -26.94,    35.010,   80.0090,    47.576
 43657.8, 1743.88, -219.62,  -27.75,    34.961,   80.0090,    47.571
 43659.6, 1741.25, -189.88,  -28.40,    34.984,   80.0092,    47.624
 43661.3, 1747.83, -189.12,  -27.99,    34.982,   80.0094,    47.576
 43663.0, 1766.20, -154.06,  -29.67,    35.016,   80.0094,    47.600
 43664.7, 1778.81, -192.13,  -27.39,    35.020,   80.0093,    47.586
 43666.4, 1797.20, -173.26,  -27.67,    35.021,   80.0091,    47.602
 43668.1, 1819.29, -158.41,  -28.34,    34.998,   80.0091,    47.609
 43669.8, 1835.56, -147.97,  -28.68,    35.004,   80.0087,    47.592
 43671.6, 1843.68, -177.00,  -29.10,    35.022,   80.0084,    47.565
 43673.3, 1846.57, -186.87,  -28.84,    35.008,   80.0084,    47.592
 43675.1, 1844.63, -175.18,  -27.47,    35.005,   80.0079,    47.608
 43676.9, 1848.37, -149.78,  -28.18,    35.006,   80.0075,    47.625
 43678.6, 1852.00, -179.39,  -27.31,    34.991,   80.0075,    47.625
 43680.2, 1859.01, -184.30,  -27.13,    35.012,   80.0056,    47.606
 43681.9, 1864.38, -214.19,  -27.19,    35.005,   80.0053,    47.562
 43685.0, 1874.41, -162.80,  -27.42,    35.005,   80.0051,    47.610
 43686.7, 1866.24, -200.52,  -27.87,    35.016,   80.0050,    47.625
 43688.3, 1841.49, -190.32,  -26.88,    34.991,   80.0050,    47.625
 43690.0, 1804.41, -171.40,  -28.24,    35.000,   80.0046,    47.625
 43691.7, 1756.82, -164.51,  -28.08,    35.003,   80.0044,    47.625
 43693.5, 1701.70, -203.63,  -25.18,    34.993,   80.0044,    47.625
 43695.3, 1655.76, -144.82,  -28.33,    34.975,   80.0041,    47.625
 43697.0, 1615.49, -180.57,  -27.57,    35.017,   80.0039,    47.625
 43698.7, 1572.73, -187.02,  -28.32,    35.012,   80.0039,    47.625
 43700.3, 1532.34, -159.28,  -29.55,    34.983,   80.0037,    47.625
 43702.0, 1488.25, -164.75,  -27.80,    35.021,   80.0036,    47.625
 43703.8, 1441.95, -204.06,  -26.51,    35.001,   80.0036,    47.582
 43705.5, 1404.65, -185.52,  -29.31,    35.009,   80.0052,    47.562
 43707.2, 1369.26, -153.11,  -32.17,    35.006,   80.0055,    47.562
 43709.0, 1331.14, -154.82,  -30.68,    35.028,   80.0057,    47.589
 43710.7, 1292.96, -165.08,  -29.25,    34.993,   80.0065,    47.625
 43712.4, 1260.42, -151.57,  -30.47,    34.998,   80.0065,    47.625
 43714.1, 1227.82, -209.99,  -30.57,    35.017,   80.0068,    47.625
 43717.2, 1179.20, -189.75,  -29.41,    35.003,   80.0079,    47.562
 43718.9, 1160.84, -164.24,  -30.66,    35.024,   80.0079,    47.562
 43720.6, 1140.39, -208.03,  -30.91,    35.025,   80.0083,    47.562
 43722.3, 1122.67, -174.98,  -32.10,    34.985,   80.0083,    47.567
 43724.0, 1105.29, -219.98,  -30.02,    35.022,   80.0083,    47.579
 43725.7, 1091.44, -223.33,  -31.98,    35.013,   80.0093,    47.616
 43727.4, 1077.39, -222.15,  -32.47,    34.980,   80.0094,    47.591
 43729.1, 1069.02, -183.96,  -35.29,    34.977,   80.0094,    47.625
 43730.8, 1061.78, -152.15,  -31.95,    35.023,   80.0095,    47.606
 43732.5, 1065.02, -222.55,  -33.04,    35.016,   80.0095,    47.625
 43734.2, 1078.90, -261.32,  -34.20,    35.038,   80.0095,    47.607
 43735.8, 1111.63, -170.16,  -36.19,    35.025,   80.0104,    47.625
 43737.5, 1186.99, -210.52,  -38.28,    35.015,   80.0104,    47.625
 43739.2, 1372.15, -222.72,  -37.35,    35.000,   80.0101,    47.625
 43741.0, 1711.09, -212.38,  -35.96,    34.996,   80.0093,    47.620
 43742.7, 2236.22, -236.67,  -44.52,    35.031,   80.0093,    47.609
 43744.4, 3180.94, -202.74,  -43.62,    34.995,   80.0088,    47.625
 43746.1, 4664.59, -197.27,  -21.70,    34.963,   80.0079,    47.625
 43749.1, 7974.13, -166.00,  -22.72,    35.029,   80.0079,    47.580
 43750.6, 9539.54, -148.91,  -19.84,    35.000,   80.0064,    47.625
 43752.2,10872.48, -135.46,  -19.54,    34.984,   80.0063,    47.625
 43753.8,12012.66, -130.80,  -19.19,    34.984,   80.0062,    47.621
 43755.5,12944.05, -119.03,  -16.58,    34.994,   80.0042,    47.590
 43757.2,13680.48, -110.33,  -15.96,    34.981,   80.0042,    47.625
 43758.9,14288.21, -111.00,  -17.34,    35.017,   80.0042,    47.625
 43760.6,14754.81, -105.17,  -15.44,    35.033,   80.0033,    47.625
 43762.3,15134.63, -102.02,  -16.70,    35.014,   80.0033,    47.625
 43764.0,15448.90,  -93.77,  -16.10,    35.019,   80.0033,    47.612
 43765.7,15720.84,  -95.74,  -15.88,    34.995,   80.0034,    47.617
 43767.3,15932.51,  -95.87,  -16.11,    34.967,   80.0034,    47.625
 43768.9,16107.86,  -96.26,  -16.18,    35.007,   80.0034,    47.625
 43770.6,16231.96,  -90.00,  -16.54,    34.959,   80.0028,    47.625
 43772.2,16370.40,  -94.70,  -16.22,    35.047,   80.0028,    47.625
 43773.9,16419.55,  -86.25,  -16.59,    34.973,   80.0028,    47.625
 43775.7,16539.00,  -87.28,  -15.44,    35.026,   80.0034,    47.625
 43777.4,16660.00,  -91.60,  -16.53,    34.998,   80.0034,    47.625
 43780.5,16863.39,  -95.86,  -15.48,    35.028,   80.0032,    47.625
 43782.1,16952.15,  -89.45,  -16.77,    35.009,   80.0032,    47.625
 43783.8,17042.65,  -90.55,  -17.09,    34.991,   80.0032,    47.625
 43785.5,17145.52,  -89.46,  -16.00,    35.003,   80.0042,    47.625
 43787.3,17223.90,  -91.88,  -16.02,    35.005,   80.0042,    47.625
 43789.0,17256.25,  -89.31,  -16.35,    35.017,   80.0042,    47.625
 43790.8,17250.59,  -90.87,  -16.01,    34.981,   80.0047,    47.625
 43792.4,17256.77,  -90.59,  -15.48,    35.023,   80.0047,    47.625
 43794.0,17233.67,  -83.46,  -16.33,    35.011,   80.0047,    47.625
 43795.6,17197.02,  -87.48,  -16.40,    35.007,   80.0043,    47.625
 43797.3,17175.24,  -86.86,  -16.18,    35.011,   80.0041,    47.625
 43798.9,17154.93,  -90.64,  -16.47,    35.008,   80.0041,    47.625
 43800.6,17139.97,  -86.93,  -16.27,    34.996,   80.0042,    47.625
 43802.2,17126.41,  -86.10,  -16.46,    34.995,   80.0042,    47.625
 43803.9,17142.43,  -86.87,  -15.84,    35.028,   80.0042,    47.625
 43805.7,17164.16,  -88.05,  -15.81,    35.001,   80.0021,    47.625
 43807.4,17213.06,  -86.39,  -16.09,    35.018,   80.0021,    47.625
 43809.0,17240.86,  -89.61,  -16.23,    34.989,   80.0021,    47.625
 43812.0,17259.36,  -84.03,  -15.48,    35.007,   80.0026,    47.656
 43813.8,17226.30,  -90.16,  -15.73,    34.980,   80.0026,    47.688
 43815.5,17211.15,  -86.87,  -16.37,    35.015,   80.0002,    47.688
 43817.2,17170.23,  -87.65,  -16.29,    35.009,   80.0001,    47.688
 43818.9,17132.24,  -85.19,  -15.74,    35.014,   80.0001,    47.652
 43820.6,17097.43,  -84.38,  -15.54,    34.997,   79.9990,    47.646
 43822.3,17082.96,  -88.06,  -15.36,    35.045,   79.9990,    47.669
 43824.0,17072.92,  -87.26,  -15.99,    34.997,   79.9990,    47.688
 43825.7,17084.20,  -86.24,  -15.74,    34.991,   80.0005,    47.667
 43827.5,17092.79,  -86.95,  -15.88,    35.014,   80.0006,    47.688
 43829.2,17101.03,  -88.07,  -15.81,    35.016,   80.0005,    47.651
 43830.8,17099.23,  -89.69,  -15.79,    35.020,   80.0001,    47.688
 43832.5,17099.22,  -85.37,  -16.32,    34.995,   80.0001,    47.688
 43834.2,17105.85,  -83.32,  -15.97,    35.023,   80.0000,    47.688
 43835.9,17076.45,  -89.42,  -15.94,    34.987,   79.9995,    47.688
 43837.5,17038.74,  -86.66,  -16.28,    34.983,   79.9995,    47.688
 43839.2,16955.84,  -85.56,  -16.90,    34.978,   79.9995,    47.719
 43840.9,16891.15,  -88.17,  -16.65,    35.008,   79.9996,    47.688
 43844.0,16734.49,  -83.16,  -16.23,    34.994,   79.9995,    47.703
 43845.7,16701.54,  -88.80,  -16.63,    35.024,   79.9989,    47.688
 43847.4,16710.28,  -89.39,  -16.14,    35.002,   79.9989,    47.688
 43849.0,16775.44,  -88.15,  -16.18,    35.023,   79.9989,    47.688
 43850.6,16809.16,  -91.15,  -16.21,    35.013,   80.0001,    47.688
 43852.3,16859.29,  -88.75,  -16.40,    34.993,   80.0001,    47.688
 43853.9,16899.23,  -88.91,  -16.38,    34.975,   80.0001,    47.688
 43855.6,16913.26,  -85.46,  -16.37,    34.954,   79.9994,    47.688
 43857.3,16959.59,  -83.74,  -16.16,    35.006,   79.9992,    47.705
 43858.9,17015.08,  -84.14,  -16.40,    35.023,   79.9992,    47.688
 43860.7,17038.24,  -85.11,  -15.17,    35.019,   79.9986,    47.688
 43862.4,17050.21,  -86.46,  -15.65,    34.988,   79.9986,    47.688
 43864.1,17060.91,  -90.73,  -16.06,    35.005,   79.9984,    47.688
 43865.8,17057.51,  -87.98,  -15.86,    35.025,   79.9970,    47.688
 43867.4,17021.71,  -87.70,  -16.21,    35.005,   79.9970,    47.688
 43869.0,16979.49,  -85.39,  -16.22,    35.028,   79.9970,    47.668
 43870.6,16921.37,  -83.87,  -15.82,    35.005,   79.9957,    47.688
 43872.2,16863.19,  -85.43,  -16.26,    34.962,   79.9956,    47.688
 43875.2,16829.51,  -86.48,  -16.66,    34.962,   79.9954,    47.688
 43876.9,16806.35,  -86.32,  -15.88,    34.989,   79.9954,    47.688
 43878.5,16758.44,  -79.91,  -16.35,    34.958,   79.9954,    47.688
 43880.2,16728.18,  -86.15,  -15.52,    35.010,   79.9963,    47.688
 43881.9,16693.44,  -89.08,  -16.42,    35.059,   79.9966,    47.702
 43883.5,16647.66,  -90.02,  -16.39,    35.037,   79.9966,    47.695
 43885.2,16631.19,  -85.56,  -16.13,    35.018,   79.9976,    47.688
 43886.9,16625.67,  -85.40,  -16.46,    34.986,   79.9981,    47.688
 43888.5,16595.03,  -85.52,  -16.52,    34.982,   79.9981,    47.688
 43890.3,16543.54,  -91.08,  -16.51,    34.984,   79.9988,    47.688
 43892.0,16466.25,  -86.04,  -16.37,    34.952,   79.9990,    47.688
 43893.7,16422.48,  -87.53,  -16.26,    35.007,   79.9990,    47.688
 43895.4,16367.83,  -90.98,  -15.85,    34.985,   80.0005,    47.688
 43897.1,16342.50,  -83.87,  -16.46,    34.980,   80.0005,    47.688
 43898.8,16312.83,  -87.80,  -16.03,    35.001,   80.0005,    47.688
 43900.5,16255.46,  -88.46,  -16.22,    34.977,   80.0023,    47.688
 43902.2,16215.48,  -86.68,  -16.17,    34.987,   80.0026,    47.688
 43903.8,16181.53,  -95.69,  -16.40,    34.993,   80.0026,    47.688
 43906.8,16144.06,  -88.57,  -16.39,    35.037,   80.0024,    47.697
 43908.5,16107.98,  -87.85,  -16.01,    35.013,   80.0024,    47.726
 43910.2,16107.41,  -87.89,  -16.23,    35.015,   80.0018,    47.708
 43911.8,16092.93,  -87.61,  -16.03,    34.998,   80.0014,    47.721
 43913.6,16079.35,  -86.85,  -16.43,    34.992,   80.0014,    47.719
 43915.3,16080.22,  -90.88,  -16.26,    35.023,   80.0017,    47.750
 43916.9,16062.26,  -88.54,  -16.52,    34.992,   80.0018,    47.750
 43918.6,16040.92,  -89.39,  -16.71,    34.978,   80.0018,    47.750
 43920.3,16025.21,  -84.61,  -16.06,    34.976,   80.0020,    47.750
 43922.0,16011.17,  -89.36,  -16.81,    34.997,   80.0021,    47.750
 43923.7,15981.29,  -86.24,  -16.20,    34.983,   80.0021,    47.734
 43925.5,15972.21,  -89.47,  -16.07,    34.998,   80.0002,    47.750
 43927.2,15946.65,  -85.39,  -16.38,    34.995,   80.0001,    47.750
 43928.9,15920.90,  -90.67,  -16.60,    34.952,   80.0001,    47.731
 43930.5,15910.58,  -92.58,  -16.60,    34.942,   80.0002,    47.750
 43932.1,15902.04,  -85.80,  -15.55,    35.009,   80.0003,    47.750
 43933.8,15905.64,  -86.65,  -16.53,    35.025,   80.0003,    47.750
 43935.5,15907.01,  -90.19,  -15.98,    35.082,   80.0010,    47.750
 43938.7,15861.40,  -91.04,  -16.56,    34.997,   80.0010,    47.736
 43940.4,15850.97,  -88.36,  -16.32,    35.009,   80.0001,    47.708
 43942.1,15848.53,  -89.76,  -16.22,    34.995,   80.0000,    47.730
 43943.8,15831.81,  -88.06,  -16.03,    34.962,   80.0000,    47.750
 43945.5,15827.72,  -86.14,  -16.12,    34.982,   79.9992,    47.730
 43947.2,15810.82,  -93.19,  -16.51,    34.971,   79.9989,    47.750
 43948.8,15786.38,  -88.33,  -16.28,    34.969,   79.9989,    47.750
 43950.5,15789.29,  -85.77,  -16.80,    35.010,   79.9984,    47.750
 43952.1,15764.64,  -88.23,  -16.47,    35.021,   79.9984,    47.750
 43953.8,15746.29,  -88.16,  -16.32,    34.999,   79.9984,    47.750
 43955.5,15734.54,  -91.17,  -16.94,    34.981,   79.9992,    47.750
 43957.1,15710.48,  -86.45,  -17.04,    34.948,   79.9993,    47.745
 43958.9,15715.21,  -87.17,  -16.40,    35.021,   79.9993,    47.733
 43960.5,15705.19,  -89.35,  -16.50,    35.043,   80.0001,    47.738
 43962.2,15685.47,  -88.36,  -16.56,    35.027,   80.0002,    47.688
 43964.0,15653.03,  -88.09,  -16.62,    35.011,   80.0002,    47.688
 43965.6,15620.29,  -91.20,  -16.77,    34.997,   79.9993,    47.694
 43967.3,15626.04,  -91.28,  -16.60,    35.005,   79.9993,    47.750
 43970.3,15660.93,  -91.84,  -16.13,    34.971,   79.9991,    47.731
 43972.0,15695.17,  -85.82,  -16.37,    34.980,   79.9990,    47.750
 43973.8,15729.29,  -86.56,  -16.79,    34.982,   79.9989,    47.729
 43975.5,15788.90,  -88.22,  -16.30,    34.987,   79.9961,    47.725
 43977.2,15839.62,  -89.80,  -16.03,    34.982,   79.9961,    47.737
 43979.0,15902.25,  -87.83,  -15.55,    35.010,   79.9961,    47.733
 43980.8,15947.44,  -91.78,  -16.27,    34.991,   79.9953,    47.750
 43982.5,15971.02,  -89.87,  -16.10,    34.973,   79.9953,    47.714
 43984.1,16009.98,  -90.51,  -16.74,    34.969,   79.9953,    47.727
 43985.7,16040.02,  -86.36,  -16.23,    34.986,   79.9955,    47.750
 43987.5,16096.21,  -87.90,  -16.20,    35.012,   79.9955,    47.750
 43989.2,16116.01,  -87.56,  -15.97,    35.034,   79.9955,    47.750
 43991.0,16112.40,  -88.65,  -16.10,    34.988,   79.9956,    47.750
 43992.6,16130.93,  -85.62,  -16.45,    34.978,   79.9956,    47.750
 43994.3,16154.01,  -85.30,  -16.38,    35.010,   79.9957,    47.750
 43996.0,16190.25,  -88.93,  -16.28,    34.998,   79.9964,    47.750
 43997.7,16219.63,  -88.19,  -16.43,    35.004,   79.9964,    47.750
 43999.3,16240.62,  -86.94,  -16.88,    34.966,   79.9964,    47.750
 44002.3,16308.82,  -87.02,  -16.77,    34.982,   79.9973,    47.750
 44004.1,16330.02,  -89.20,  -16.43,    34.961,   79.9975,    47.750
 44005.7,16350.73,  -86.30,  -16.43,    34.990,   79.9990,    47.750
 44007.4,16357.18,  -87.63,  -16.66,    34.977,   79.9990,    47.750
 44009.1,16371.68,  -90.34,  -16.25,    35.014,   79.9990,    47.750
 44010.8,16333.49,  -83.92,  -15.81,    35.010,   80.0014,    47.750
 44012.5,16278.30,  -86.38,  -16.53,    35.035,   80.0014,    47.750
 44014.2,16043.36,  -89.13,  -16.90,    35.025,   80.0014,    47.750
 44015.7,15522.88,  -91.76,  -15.18,    35.031,   80.0017,    47.750
 44017.4,14626.49,  -84.94,  -17.60,    34.983,   80.0017,    47.750
 44019.0,13284.29,  -90.05,  -20.32,    34.971,   80.0019,    47.750
 44020.8,11575.27,  -86.34,  -16.50,    35.009,   80.0022,    47.750
 44022.5, 9861.52,  -91.29,  -20.37,    35.022,   80.0022,    47.731
 44024.2, 8343.66,  -85.28,  -21.21,    34.999,   80.0021,    47.748
 44025.9, 7025.11,  -80.76,  -24.48,    34.987,   79.9998,    47.750
 44027.6, 5939.63,  -92.49,  -20.65,    35.000,   79.9998,    47.750
 44029.2, 5047.23,  -82.98,  -22.54,    34.999,   79.9996,    47.750
 44030.9, 4337.88,  -93.11,  -24.60,    35.024,   79.9990,    47.750
 44034.0, 3377.78,  -98.42,  -20.55,    35.012,   79.9990,    47.750
 44035.7, 2991.26, -104.78,  -26.58,    34.967,   79.9983,    47.750
 44037.4, 2695.49, -106.47,  -27.95,    34.965,   79.9983,    47.750
 44039.0, 2460.02, -124.36,  -28.07,    35.010,   79.9983,    47.750
