apply_cal+QC/WISPER_raw_data/WISPER_20160910_rawField.ict
40, 1001
David Noone
Oregon State University
Water Vapor Isotopic Analyzer (Picarro L2120i) - H2O concentration, D/H and 18O/16O isotope ratios (delta notation)
ORACLES
1, 1
2016, 09, 10, 2016, 09, 10
0
Start_UTC, seconds
6
1, 1, 1, 1, 1, 1
-9999, -9999, -9999, -9999, -9999, -9999
H2O_ppmv, ppmv
dD_permil, permil
d18O_permil, permil
pressure_cavity, torr
temp_cavity, degrees_celcius
temp_das, degrees_celcius
0
18
PI_CONTACT_INFO: Address: David Noone, CEOAS, Oregon State University, Corvallis OR 97331; email: nooned@oregonstate.edu
PLATFORM: NASA P3B (N426NA), sampling port side foward window from forward facing diffuser inlet
LOCATION: Aircraft location data decribed elsewhere
ASSOCIATED_DATA: see http://espoarchive.nasa.gov/archive/browse/oracles
INSTRUMENT_INFO: Water Vapor Isotopic Analyzer (Picarro L2120-i): cavity-ringdown tunable diode laser spectoscopy.
DATA_INFO: Units are ppmv for H2O and permil relative to SMOW for d18O and dD.
UNCERTAINTY: The absolute accuracy humidity dependent is in the range 1 % for H2O, 1 permil for dD and 0.5 permil for d18O.
ULOD_FLAG: -7777
ULOD_VALUE: N/A
LLOD_FLAG: -8888
LLOD_VALUE: N/A
DM_CONTACT_INFO: David Noone; Oregon State University; nooned@oregonstate.edu
PROJECT_INFO: ORACLES Mission August-October 2016; Southeast Atlantic/Walvis Bay, Namibia
STIPULATIONS_ON_USE: Until made public, only the ORACLES science team is allowed to use this data, per the ORACLES data protocol.
OTHER_COMMENTS: Data is uncalibrated, uncheck and not useful for science at this level
REVISION: RAW
RAW: Raw translation of Picarro output files to ICARTT format
Start_UTC, H2O_ppmv, dD_permil, d18O_permil, pressure_cavity, temp_cavity, temp_das
 23747.1,13985.37, -110.71,  -18.73,    35.022,   78.4283,    38.062
 23749.1,14227.04,  -97.12,  -20.65,    35.017,   78.4334,    38.080
[from data line 6725]
 37451.6,15370.91,  -93.25,  -16.70,    34.994,   79.9998,    43.562
 37453.2,15379.63,  -95.44,  -16.99,    35.018,   79.9998,    43.562
 37454.9,15381.05,  -92.90,  -16.43,    35.013,   79.9986,    43.562
 37456.6,15350.53,  -95.42,  -16.91,    34.958,   79.9979,    43.562
 37458.2,15352.36,  -96.41,  -16.37,    34.999,   79.9979,    43.562
 37459.8,15355.36,  -93.85,  -16.74,    34.982,   79.9982,    43.562
 37461.4,15373.14,  -97.31,  -16.41,    34.982,   79.9987,    43.562
 37463.0,15432.06,  -92.49,  -16.59,    34.994,   79.9987,    43.551
 37464.7,15496.06,  -90.58,  -15.80,    35.020,   79.9998,    43.531
 37466.4,15557.91,  -95.15,  -16.84,    35.011,   80.0009,    43.562
 37468.0,15611.02,  -96.08,  -16.50,    34.986,   80.0009,    43.562
 37469.6,15686.81,  -93.47,  -16.36,    35.009,   80.0014,    43.562
 37471.2,15759.17,  -88.77,  -16.48,    35.019,   80.0024,    43.562
 37472.8,15816.79,  -91.14,  -16.04,    35.008,   80.0024,    43.542
 37474.6,15894.52,  -92.21,  -15.96,    35.013,   80.0026,    43.562
 37476.2,15966.58,  -92.67,  -16.27,    35.015,   80.0028,    43.562
 37479.3,16070.65,  -92.18,  -15.54,    35.008,   80.0030,    43.562
 37481.0,16113.12,  -95.37,  -16.74,    34.982,   80.0035,    43.562
 37482.7,16141.77,  -94.47,  -15.91,    35.016,   80.0035,    43.562
 37484.3,16151.11,  -93.98,  -16.31,    35.001,   80.0040,    43.562
 37485.8,16148.24,  -93.81,  -16.31,    34.972,   80.0053,    43.562
 37487.4,16139.63,  -93.07,  -16.33,    34.993,   80.0053,    43.562
 37489.1,16124.23,  -91.28,  -15.92,    35.011,   80.0053,    43.562
 37490.7,16105.62,  -93.21,  -16.96,    34.999,   80.0054,    43.562
 37492.3,16081.26,  -87.05,  -16.12,    35.014,   80.0054,    43.562
 37494.0,16048.71,  -94.99,  -16.12,    34.978,   80.0055,    43.562
 37495.7,16026.50,  -91.20,  -15.93,    35.004,   80.0061,    43.562
 37497.3,16001.21,  -94.48,  -15.48,    35.027,   80.0061,    43.562
 37498.9,15960.88,  -91.65,  -16.57,    35.006,   80.0061,    43.562
 37500.5,15921.69,  -92.40,  -16.23,    34.990,   80.0073,    43.562
 37502.2,15877.23,  -91.27,  -16.21,    34.997,   80.0075,    43.562
 37503.8,15805.06,  -91.94,  -16.00,    34.992,   80.0075,    43.562
 37505.5,15740.25,  -91.24,  -16.16,    34.994,   80.0067,    43.562
 37507.1,15704.76,  -88.78,  -16.16,    35.027,   80.0067,    43.562
 37510.2,15604.76,  -89.14,  -16.21,    35.002,   80.0057,    43.562
 37511.9,15544.35,  -90.90,  -16.11,    34.991,   80.0055,    43.562
 37513.5,15499.51,  -91.03,  -15.84,    34.974,   80.0055,    43.546
 37515.2,15474.93,  -95.08,  -16.50,    34.971,   80.0057,    43.562
 37516.9,15456.87,  -94.58,  -16.41,    35.004,   80.0058,    43.562
 37518.6,15429.63,  -92.38,  -17.20,    34.995,   80.0058,    43.562
 37520.2,15414.31,  -95.50,  -16.80,    35.008,   80.0054,    43.562
 37521.9,15418.12,  -89.83,  -17.11,    34.998,   80.0050,    43.562
 37523.6,15411.03,  -93.93,  -16.04,    35.011,   80.0050,    43.562
 37525.2,15433.26,  -89.29,  -16.17,    35.028,   80.0051,    43.562
 37526.8,15446.01,  -93.24,  -16.12,    35.049,   80.0051,    43.542
 37528.5,15438.16,  -92.13,  -16.22,    35.015,   80.0051,    43.562
 37530.1,15380.54,  -93.39,  -16.62,    34.956,   80.0059,    43.526
 37531.7,15334.90,  -90.07,  -16.82,    34.964,   80.0065,    43.535
 37533.4,15276.43,  -96.67,  -16.66,    34.950,   80.0065,    43.562
 37535.1,15218.82,  -97.98,  -16.91,    34.962,   80.0062,    43.562
 37536.7,15186.97,  -96.88,  -16.65,    35.000,   80.0061,    43.500
 37538.3,15159.31,  -98.05,  -16.59,    34.996,   80.0061,    43.529
 37541.3,15102.13,  -94.65,  -16.13,    34.953,   80.0056,    43.562
 37543.1,15107.92,  -94.49,  -16.58,    35.006,   80.0056,    43.562
 37544.8,15094.54,  -94.65,  -16.36,    35.008,   80.0051,    43.562
 37546.5,15089.34,  -92.51,  -16.71,    35.015,   80.0050,    43.562
 37548.2,15075.82,  -90.92,  -17.21,    35.003,   80.0050,    43.556
 37549.9,15067.50,  -91.60,  -16.67,    34.988,   80.0050,    43.554
 37551.5,15053.55,  -96.79,  -16.69,    34.981,   80.0050,    43.562
 37553.2,15050.60,  -91.16,  -16.29,    35.008,   80.0050,    43.562
 37554.8,15043.20,  -91.75,  -16.61,    34.995,   80.0054,    43.562
 37556.5,15041.65,  -98.90,  -16.50,    35.020,   80.0058,    43.562
 37558.2,15042.70,  -95.93,  -17.67,    35.027,   80.0058,    43.562
 37559.9,15029.77,  -91.09,  -16.82,    35.016,   80.0064,    43.562
 37561.6,15018.07,  -99.42,  -16.98,    34.997,   80.0071,    43.562
 37563.3,15010.68,  -93.52,  -16.31,    34.991,   80.0071,    43.562
 37565.0,15028.64,  -92.74,  -16.83,    35.000,   80.0068,    43.562
 37566.7,15028.15,  -94.49,  -17.30,    34.988,   80.0066,    43.562
 37568.3,15024.76,  -94.17,  -16.53,    34.974,   80.0066,    43.562
 37569.9,15042.47,  -92.03,  -16.64,    35.013,   80.0068,    43.562
 37573.0,15023.30,  -94.63,  -17.21,    34.962,   80.0069,    43.562
 37574.6,15012.08,  -95.54,  -16.19,    34.981,   80.0071,    43.562
 37576.3,15002.97,  -94.30,  -15.69,    35.000,   80.0073,    43.562
 37578.0,15006.49,  -94.78,  -16.96,    34.983,   80.0073,    43.562
 37579.6,15004.94,  -98.34,  -16.47,    35.019,   80.0073,    43.562
 37581.3,14986.76,  -94.11,  -16.42,    35.043,   80.0073,    43.562
 37583.0,14939.05,  -90.63,  -16.41,    34.977,   80.0073,    43.562
 37584.7,14931.65,  -94.07,  -16.13,    35.004,   80.0075,    43.562
 37586.3,14921.89,  -96.43,  -16.54,    34.998,   80.0076,    43.562
 37588.0,14911.19,  -93.27,  -16.69,    35.023,   80.0076,    43.562
 37589.6,14894.17,  -95.80,  -16.55,    35.030,   80.0075,    43.562
 37591.2,14863.70,  -96.42,  -16.84,    34.990,   80.0073,    43.562
 37592.8,14860.22,  -93.09,  -16.90,    35.013,   80.0073,    43.562
 37594.5,14830.28,  -94.92,  -16.70,    34.979,   80.0063,    43.562
 37596.2,14823.77,  -90.48,  -16.56,    35.017,   80.0050,    43.562
 37597.8,14778.93,  -96.70,  -16.49,    34.981,   80.0050,    43.562
 37599.5,14745.04,  -92.55,  -17.06,    34.983,   80.0049,    43.542
 37601.1,14710.17,  -92.73,  -17.20,    34.945,   80.0047,    43.562
 37604.2,14718.17,  -93.37,  -16.30,    35.048,   80.0047,    43.562
 37605.8,14724.18,  -97.16,  -16.89,    35.014,   80.0035,    43.562
 37607.6,14721.90,  -93.67,  -16.23,    34.975,   80.0034,    43.562
 37609.3,14725.42,  -92.73,  -16.59,    34.957,   80.0035,    43.562
 37611.0,14736.97,  -98.58,  -16.60,    34.978,   80.0037,    43.562
 37612.6,14751.64,  -97.95,  -16.95,    34.992,   80.0037,    43.562
 37614.2,14755.05,  -91.07,  -16.42,    34.996,   80.0037,    43.562
 37615.9,14764.61,  -91.73,  -17.16,    35.019,   80.0055,    43.542
 37617.6,14778.24,  -98.49,  -16.79,    35.017,   80.0055,    43.562
 37619.2,14804.44,  -94.68,  -16.31,    35.016,   80.0056,    43.562
 37620.9,14817.19,  -89.50,  -16.51,    34.970,   80.0057,    43.562
 37622.5,14863.41,  -94.53,  -16.58,    34.992,   80.0057,    43.562
 37624.2,14920.64,  -98.48,  -16.55,    35.052,   80.0057,    43.562
 37625.8,14938.09,  -94.34,  -16.51,    34.994,   80.0043,    43.562
 37627.6,14966.81,  -97.94,  -16.42,    35.007,   80.0042,    43.562
 37629.3,14982.12,  -95.33,  -16.01,    35.021,   80.0046,    43.562
 37631.0,15016.42,  -89.38,  -16.31,    35.024,   80.0052,    43.562
 37632.7,15050.21,  -98.48,  -16.97,    34.986,   80.0052,    43.562
 37635.7,15086.30,  -94.73,  -16.58,    34.968,   80.0055,    43.523
 37637.3,15103.38,  -94.37,  -16.55,    35.002,   80.0055,    43.562
 37638.9,15124.73,  -94.60,  -16.69,    35.006,   80.0055,    43.541
 37640.5,15125.13,  -91.08,  -16.69,    34.985,   80.0047,    43.545
 37642.2,15144.24,  -95.44,  -15.85,    34.996,   80.0047,    43.532
 37643.9,15184.81,  -92.06,  -16.77,    35.043,   80.0047,    43.521
 37645.6,15175.48,  -94.87,  -16.81,    34.961,   80.0037,    43.539
 37647.3,15230.92,  -92.13,  -16.74,    34.989,   80.0036,    43.520
 37648.9,15267.49,  -94.85,  -16.31,    35.002,   80.0036,    43.521
 37650.5,15305.79,  -93.23,  -17.25,    35.014,   80.0035,    43.521
 37652.1,15318.91,  -96.82,  -16.87,    34.988,   80.0034,    43.500
 37653.7,15352.14,  -95.16,  -16.95,    34.979,   80.0034,    43.521
 37655.3,15379.92,  -93.38,  -17.27,    34.989,   80.0014,    43.500
 37656.9,15409.42,  -92.51,  -16.53,    35.019,   80.0008,    43.500
 37658.6,15418.13,  -95.22,  -16.68,    34.999,   80.0008,    43.500
 37660.3,15424.38,  -96.36,  -15.80,    34.987,   80.0007,    43.500
 37662.0,15437.70,  -92.44,  -16.18,    34.995,   80.0007,    43.500
 37663.8,15439.51,  -88.78,  -16.81,    34.989,   80.0007,    43.516
 37666.8,15454.81,  -93.40,  -16.87,    35.031,   79.9994,    43.532
 37668.4,15454.52,  -93.02,  -16.08,    34.993,   79.9994,    43.538
 37670.1,15452.40,  -93.50,  -16.38,    34.994,   79.9989,    43.519
 37671.7,15468.68,  -94.39,  -16.69,    34.998,   79.9984,    43.500
 37673.4,15473.61,  -92.10,  -16.56,    34.985,   79.9984,    43.500
 37675.0,15491.99,  -91.89,  -16.68,    35.028,   79.9985,    43.542
 37676.7,15468.54,  -94.04,  -16.93,    34.967,   79.9986,    43.562
 37678.4,15479.68,  -93.59,  -16.26,    34.971,   79.9986,    43.562
 37680.0,15476.21,  -89.62,  -16.79,    34.963,   79.9988,    43.513
 37681.5,15490.15,  -93.34,  -16.38,    35.021,   79.9991,    43.549
 37683.2,15483.76,  -90.03,  -16.55,    35.012,   79.9991,    43.562
 37684.9,15480.71,  -93.35,  -16.05,    35.014,   79.9999,    43.562
 37686.7,15477.34,  -90.13,  -16.67,    34.965,   80.0003,    43.547
 37688.3,15508.43,  -93.16,  -16.65,    35.015,   80.0003,    43.541
 37689.9,15490.69,  -95.54,  -16.26,    34.990,   80.0006,    43.562
 37691.6,15505.48,  -90.88,  -16.50,    35.001,   80.0009,    43.562
 37693.2,15510.10,  -89.79,  -16.81,    35.006,   80.0009,    43.562
 37694.8,15519.91,  -91.89,  -16.55,    34.995,   80.0015,    43.562
 37697.9,15517.03,  -89.08,  -16.22,    34.998,   80.0019,    43.562
 37699.5,15513.67,  -93.49,  -16.68,    34.974,   80.0022,    43.562
 37701.1,15538.58,  -94.45,  -16.51,    35.010,   80.0030,    43.562
 37702.7,15540.15,  -87.26,  -16.24,    35.002,   80.0030,    43.562
 37704.3,15562.15,  -91.68,  -16.47,    34.995,   80.0029,    43.562
 37706.0,15598.97,  -97.67,  -16.73,    35.017,   80.0027,    43.562
 37707.8,15623.09,  -91.81,  -16.25,    35.018,   80.0027,    43.562
 37709.5,15650.33,  -90.97,  -16.75,    34.976,   80.0027,    43.562
 37711.2,15704.37,  -91.02,  -16.50,    34.991,   80.0027,    43.562
 37712.9,15740.41,  -94.73,  -16.50,    34.996,   80.0027,    43.562
 37714.6,15772.00,  -92.03,  -15.70,    35.025,   80.0025,    43.562
 37716.3,15793.45,  -92.55,  -15.99,    35.005,   80.0016,    43.562
 37718.1,15807.76,  -95.65,  -16.61,    34.989,   80.0016,    43.562
 37719.8,15842.04,  -93.44,  -16.35,    35.000,   80.0003,    43.562
 37721.5,15871.40,  -91.56,  -16.12,    35.006,   80.0000,    43.562
 37723.2,15891.71,  -90.43,  -16.15,    34.999,   80.0000,    43.562
 37724.9,15903.29,  -93.33,  -16.17,    34.979,   79.9987,    43.562
 37726.5,15911.99,  -92.56,  -16.96,    34.980,   79.9976,    43.526
 37729.6,15911.94,  -90.35,  -16.40,    34.991,   79.9970,    43.530
 37731.3,15924.59,  -90.97,  -17.13,    35.005,   79.9951,    43.562
 37732.9,15914.38,  -94.04,  -16.75,    35.002,   79.9951,    43.524
 37734.6,15909.83,  -88.84,  -16.71,    35.006,   79.9948,    43.559
 37736.2,15884.84,  -88.90,  -16.52,    34.956,   79.9942,    43.562
 37737.9,15882.49,  -91.83,  -16.00,    35.002,   79.9942,    43.562
 37739.6,15869.47,  -94.45,  -16.46,    34.997,   79.9940,    43.562
 37741.2,15865.87,  -91.74,  -16.36,    35.019,   79.9939,    43.562
 37742.9,15840.17,  -94.26,  -16.64,    34.995,   79.9939,    43.562
 37744.6,15819.87,  -90.70,  -16.37,    35.018,   79.9940,    43.562
 37746.3,15778.36,  -93.01,  -16.53,    34.977,   79.9943,    43.562
 37747.9,15758.91,  -91.83,  -15.52,    35.000,   79.9943,    43.562
 37749.6,15734.99,  -93.61,  -16.62,    34.986,   79.9946,    43.562
 37751.2,15730.76,  -89.33,  -16.87,    35.026,   79.9950,    43.562
 37752.8,15678.41,  -92.14,  -16.63,    34.993,   79.9950,    43.562
 37754.4,15656.69,  -93.34,  -16.39,    34.975,   79.9956,    43.562
 37756.0,15632.00,  -90.44,  -16.90,    34.989,   79.9970,    43.562
 37757.7,15605.55,  -92.74,  -17.16,    34.999,   79.9970,    43.562
 37760.8,15594.73,  -91.91,  -16.98,    35.046,   80.0014,    43.562
 37762.5,15590.01,  -92.36,  -16.51,    35.047,   80.0014,    43.562
 37764.1,15566.31,  -91.36,  -16.08,    35.008,   80.0014,    43.562
 37765.7,15564.22,  -93.64,  -17.06,    35.002,   80.0019,    43.562
 37767.3,15542.64,  -91.45,  -16.74,    35.006,   80.0019,    43.562
 37768.9,15516.61,  -94.32,  -16.59,    35.002,   80.0019,    43.562
 37770.5,15492.28,  -92.85,  -17.03,    34.992,   80.0022,    43.562
 37772.2,15477.65,  -91.74,  -16.34,    34.984,   80.0022,    43.545
 37773.9,15488.19,  -90.18,  -16.51,    34.985,   80.0022,    43.562
 37775.6,15500.17,  -92.51,  -16.15,    34.987,   80.0016,    43.562
 37777.2,15525.84,  -88.15,  -16.57,    35.020,   80.0015,    43.562
 37778.8,15531.34,  -91.88,  -16.63,    35.012,   80.0015,    43.562
 37780.5,15528.37,  -94.15,  -16.19,    35.000,   80.0003,    43.562
 37782.1,15512.54,  -92.29,  -16.91,    34.954,   80.0003,    43.527
 37783.8,15514.05,  -91.35,  -16.39,    34.984,   80.0003,    43.537
 37785.4,15522.72,  -88.25,  -16.71,    35.002,   80.0005,    43.503
 37787.0,15534.20,  -90.68,  -17.20,    35.021,   80.0005,    43.518
 37788.7,15501.60,  -93.16,  -16.38,    35.024,   80.0005,    43.545
 37791.8,15474.43,  -93.54,  -16.51,    34.977,   80.0005,    43.562
 37793.5,15481.07,  -95.92,  -16.35,    34.991,   80.0005,    43.541
 37795.2,15496.60,  -92.69,  -16.47,    35.021,   79.9997,    43.562
 37796.8,15501.22, -100.80,  -16.94,    35.040,   79.9994,    43.562
 37798.3,15482.51,  -90.38,  -16.55,    34.988,   79.9994,    43.562
 37800.0,15474.85,  -89.62,  -16.41,    34.976,   79.9981,    43.562
 37801.7,15475.48,  -88.95,  -16.36,    35.008,   79.9970,    43.562
 37803.4,15442.51,  -94.52,  -16.80,    34.992,   79.9970,    43.562
 37805.0,15421.84,  -89.35,  -16.63,    34.994,   79.9966,    43.562
 37806.7,15394.14,  -93.64,  -16.05,    35.002,   79.9963,    43.562
 37808.4,15365.06,  -88.45,  -16.37,    34.993,   79.9963,    43.562
 37810.0,15355.22,  -98.46,  -16.23,    34.996,   79.9965,    43.562
 37811.7,15333.20,  -94.69,  -16.61,    34.980,   79.9968,    43.562
 37813.3,15324.68,  -92.60,  -16.73,    34.993,   79.9968,    43.562
 37814.9,15324.37,  -92.30,  -16.45,    34.998,   79.9957,    43.562
 37816.6,15306.08,  -90.64,  -16.40,    34.973,   79.9953,    43.562
 37818.3,15303.11,  -89.54,  -16.76,    34.996,   79.9953,    43.562
 37819.9,15306.13,  -94.39,  -17.02,    35.000,   79.9952,    43.562
 37823.0,15327.79,  -87.30,  -16.74,    34.998,   79.9951,    43.574
 37824.6,15340.42,  -90.72,  -16.36,    34.996,   79.9955,    43.572
 37826.3,15363.51,  -90.98,  -16.55,    35.004,   79.9968,    43.562
 37827.9,15384.64,  -92.93,  -16.41,    34.968,   79.9968,    43.562
 37829.5,15418.48,  -91.62,  -16.20,    35.017,   79.9972,    43.562
 37831.2,15441.91,  -91.85,  -16.08,    35.025,   79.9978,    43.573
 37832.9,15486.10,  -94.25,  -16.77,    35.036,   79.9978,    43.605
 37834.5,15505.66,  -93.12,  -16.77,    35.025,   79.9982,    43.594
 37836.2,15521.25,  -92.58,  -16.84,    34.991,   79.9993,    43.617
 37837.9,15546.60,  -92.13,  -16.60,    35.015,   79.9993,    43.571
 37839.6,15554.16,  -92.39,  -16.33,    34.988,   80.0000,    43.580
 37841.2,15570.21,  -93.53,  -16.75,    35.010,   80.0008,    43.625
 37843.0,15564.71,  -90.86,  -16.53,    34.954,   80.0008,    43.571
 37844.6,15574.71,  -92.51,  -16.64,    34.987,   80.0004,    43.584
 37846.2,15568.45,  -93.62,  -16.35,    35.026,   79.9996,    43.603
 37847.9,15574.27,  -91.79,  -17.20,    35.018,   79.9996,    43.604
 37849.6,15568.02,  -95.52,  -16.54,    35.011,   79.9993,    43.625
