apply_cal+QC/WISPER_raw_data/WISPER_20160910_rawField.ict
40, 1001
David Noone
Oregon State University
Water Vapor Isotopic Analyzer (Picarro L2120i) - H2O concentration, D/H and 18O/16O isotope ratios (delta notation)
ORACLES
1, 1
2016, 09, 10, 2016, 09, 10
0
Start_UTC, seconds
6
1, 1, 1, 1, 1, 1
-9999, -9999, -9999, -9999, -9999, -9999
H2O_ppmv, ppmv
dD_permil, permil
d18O_permil, permil
pressure_cavity, torr
temp_cavity, degrees_celcius
temp_das, degrees_celcius
0
18
PI_CONTACT_INFO: Address: David Noone, CEOAS, Oregon State University, Corvallis OR 97331; email: nooned@oregonstate.edu
PLATFORM: NASA P3B (N426NA), sampling port side foward window from forward facing diffuser inlet
LOCATION: Aircraft location data decribed elsewhere
ASSOCIATED_DATA: see http://espoarchive.nasa.gov/archive/browse/oracles
INSTRUMENT_INFO: Water Vapor Isotopic Analyzer (Picarro L2120-i): cavity-ringdown tunable diode laser spectoscopy.
DATA_INFO: Units are ppmv for H2O and permil relative to SMOW for d18O and dD.
UNCERTAINTY: The absolute accuracy humidity dependent is in the range 1 % for H2O, 1 permil for dD and 0.5 permil for d18O.
ULOD_FLAG: -7777
ULOD_VALUE: N/A
LLOD_FLAG: -8888
LLOD_VALUE: N/A
DM_CONTACT_INFO: David Noone; Oregon State University; nooned@oregonstate.edu
PROJECT_INFO: ORACLES Mission August-October 2016; Southeast Atlantic/Walvis Bay, Namibia
STIPULATIONS_ON_USE: Until made public, only the ORACLES science team is allowed to use this data, per the ORACLES data protocol.
OTHER_COMMENTS: Data is uncalibrated, uncheck and not useful for science at this level
REVISION: RAW
RAW: Raw translation of Picarro output files to ICARTT format
Start_UTC, H2O_ppmv, dD_permil, d18O_permil, pressure_cavity, temp_cavity, temp_das
 23747.1,13985.37, -110.71,  -18.73,    35.022,   78.4283,    38.062
 23749.1,14227.04,  -97.12,  -20.65,    35.017,   78.4334,    38.080
[from data line 12754]
 48781.1, 7922.39,  -84.09,  -15.57,    35.028,   80.0057,    43.875
 48782.8, 7922.10,  -86.59,  -15.89,    35.008,   80.0057,    43.875
 48784.4, 7919.03,  -75.07,  -15.85,    35.010,   80.0056,    43.875
 48786.2, 7911.18,  -92.86,  -15.54,    35.001,   80.0054,    43.875
 48787.9, 7905.72,  -77.64,  -14.52,    35.012,   80.0054,    43.875
 48789.7, 7900.61,  -76.62,  -15.32,    35.000,   80.0054,    43.875
 48791.5, 7888.64,  -84.26,  -15.25,    35.024,   80.0054,    43.875
 48793.2, 7875.42,  -87.56,  -15.94,    34.995,   80.0054,    43.875
 48794.9, 7858.61,  -87.58,  -15.74,    34.995,   80.0050,    43.875
 48796.6, 7847.18,  -88.52,  -16.16,    34.984,   80.0047,    43.875
 48798.3, 7843.93,  -84.91,  -15.33,    34.998,   80.0047,    43.875
 48800.0, 7842.28,  -87.40,  -15.63,    34.994,   80.0046,    43.875
 48801.7, 7847.31,  -84.71,  -14.98,    34.993,   80.0045,    43.875
 48803.5, 7849.81,  -80.09,  -15.62,    34.967,   80.0045,    43.875
 48805.2, 7861.18,  -86.17,  -15.94,    34.956,   80.0045,    43.875
 48806.9, 7882.19,  -85.50,  -16.36,    35.000,   80.0044,    43.875
 48809.9, 7895.86,  -84.42,  -15.05,    35.032,   80.0048,    43.875
 48811.5, 7894.29,  -86.26,  -15.27,    35.007,   80.0054,    43.875
 48813.1, 7907.85,  -88.02,  -15.83,    35.007,   80.0054,    43.875
 48814.8, 7926.64,  -85.71,  -16.49,    35.000,   80.0057,    43.875
 48816.4, 7943.42,  -93.09,  -16.08,    35.014,   80.0059,    43.875
 48818.0, 7962.91,  -81.85,  -14.87,    35.055,   80.0059,    43.875
 48819.7, 7977.26,  -84.97,  -15.72,    34.998,   80.0060,    43.875
 48821.6, 8003.21,  -77.90,  -15.19,    34.987,   80.0061,    43.875
 48823.3, 8025.17,  -84.33,  -16.09,    34.987,   80.0061,    43.875
 48824.9, 8050.56,  -87.71,  -15.75,    35.017,   80.0053,    43.875
 48826.6, 8056.04,  -84.71,  -15.54,    35.002,   80.0049,    43.875
 48828.3, 8057.12,  -85.06,  -15.41,    34.994,   80.0049,    43.875
 48830.0, 8056.38,  -79.31,  -15.74,    35.004,   80.0046,    43.875
 48831.7, 8043.89,  -85.48,  -15.69,    34.990,   80.0043,    43.875
 48833.3, 8030.96,  -87.17,  -16.02,    34.994,   80.0043,    43.875
 48834.9, 8011.18,  -81.11,  -15.80,    34.993,   80.0041,    43.875
 48836.6, 7987.76,  -82.29,  -15.28,    35.013,   80.0040,    43.875
 48838.2, 7963.77,  -82.51,  -15.60,    34.988,   80.0040,    43.875
 48841.3, 7928.15,  -86.45,  -15.78,    35.000,   80.0044,    43.875
 48843.1, 7892.74,  -81.17,  -15.47,    34.991,   80.0044,    43.877
 48844.8, 7868.42,  -83.38,  -15.73,    34.995,   80.0044,    43.895
 48846.5, 7854.63,  -79.60,  -15.61,    35.013,   80.0044,    43.875
 48848.1, 7849.77,  -97.08,  -16.00,    35.006,   80.0044,    43.875
 48849.7, 7842.43,  -81.82,  -15.63,    34.994,   80.0042,    43.875
 48851.4, 7832.90,  -81.57,  -15.47,    35.007,   80.0040,    43.875
 48853.1, 7810.58,  -91.19,  -14.95,    35.020,   80.0040,    43.878
 48854.8, 7780.56,  -83.28,  -15.74,    35.014,   80.0041,    43.894
 48856.6, 7746.19,  -82.99,  -16.18,    34.999,   80.0041,    43.875
 48858.3, 7720.32,  -78.64,  -16.15,    34.990,   80.0041,    43.875
 48860.0, 7704.72,  -83.82,  -16.04,    35.011,   80.0042,    43.875
 48861.7, 7698.03,  -85.66,  -15.43,    35.005,   80.0042,    43.875
 48863.5, 7699.58,  -82.25,  -16.16,    34.995,   80.0042,    43.894
 48865.2, 7694.67,  -88.07,  -16.28,    34.987,   80.0037,    43.895
 48867.0, 7696.00,  -88.30,  -15.65,    34.992,   80.0035,    43.875
 48868.8, 7703.90,  -82.35,  -16.27,    35.011,   80.0035,    43.913
 48870.4, 7694.73,  -83.19,  -16.27,    34.989,   80.0032,    43.914
 48873.5, 7673.43,  -87.17,  -15.87,    34.980,   80.0032,    43.898
 48875.2, 7659.07,  -79.48,  -15.17,    35.022,   80.0035,    43.899
 48877.0, 7641.92,  -89.63,  -16.41,    34.995,   80.0036,    43.899
 48878.6, 7611.20,  -89.00,  -16.47,    34.943,   80.0036,    43.915
 48880.2, 7587.34,  -89.05,  -15.97,    34.974,   80.0055,    43.900
 48881.9, 7570.60,  -85.62,  -15.55,    34.996,   80.0064,    43.920
 48883.6, 7585.03,  -84.56,  -16.03,    35.004,   80.0064,    43.917
 48885.2, 7613.62,  -94.20,  -16.29,    35.026,   80.0068,    43.938
 48886.8, 7647.07,  -86.02,  -15.50,    35.047,   80.0069,    43.938
 48888.5, 7677.62,  -86.69,  -15.69,    35.013,   80.0069,    43.938
 48890.1, 7706.15,  -81.65,  -16.04,    34.987,   80.0080,    43.938
 48891.8, 7731.17,  -89.39,  -16.47,    34.972,   80.0088,    43.938
 48893.4, 7740.89,  -98.18,  -16.02,    35.010,   80.0088,    43.938
 48895.0, 7746.96,  -82.36,  -15.25,    35.023,   80.0086,    43.938
 48896.7, 7744.28,  -84.68,  -15.81,    35.018,   80.0086,    43.938
 48898.5, 7752.02,  -76.94,  -15.45,    35.025,   80.0086,    43.938
 48900.2, 7749.44,  -83.99,  -15.52,    34.996,   80.0084,    43.938
 48901.9, 7750.13,  -88.88,  -15.85,    34.992,   80.0083,    43.938
 48905.0, 7755.62,  -83.04,  -16.44,    34.989,   80.0066,    43.934
 48906.6, 7748.31,  -88.43,  -15.54,    35.026,   80.0058,    43.919
 48908.3, 7729.58,  -87.68,  -15.90,    34.997,   80.0058,    43.902
 48910.1, 7708.79,  -84.51,  -15.66,    34.968,   80.0048,    43.938
 48911.8, 7683.68,  -86.88,  -15.55,    34.945,   80.0043,    43.938
 48913.4, 7676.95,  -88.49,  -16.20,    34.982,   80.0043,    43.938
 48915.0, 7651.92,  -83.93,  -15.40,    35.005,   80.0038,    43.938
 48916.6, 7627.93,  -88.09,  -16.20,    34.981,   80.0032,    43.938
 48918.3, 7606.81,  -84.21,  -15.02,    35.043,   80.0032,    43.938
 48919.9, 7572.32,  -90.99,  -15.01,    34.985,   80.0025,    43.938
 48921.6, 7555.78,  -83.97,  -15.96,    34.981,   80.0020,    43.938
 48923.3, 7538.14,  -88.14,  -15.49,    34.992,   80.0020,    43.938
 48925.0, 7524.50,  -76.95,  -15.93,    35.024,   80.0017,    43.938
 48926.7, 7512.33,  -87.30,  -16.00,    35.004,   80.0015,    43.938
 48928.3, 7503.39,  -85.23,  -16.06,    35.015,   80.0015,    43.938
 48929.9, 7488.02,  -93.47,  -15.74,    35.007,   80.0021,    43.978
 48931.5, 7477.73,  -84.84,  -15.86,    35.006,   80.0025,    43.960
 48933.1, 7459.85,  -80.44,  -15.41,    35.022,   80.0025,    43.938
 48936.2, 7414.71,  -85.69,  -15.88,    35.015,   80.0007,    43.938
 48937.8, 7385.95,  -95.44,  -16.06,    35.003,   80.0007,    43.964
 48939.5, 7362.96,  -84.67,  -15.74,    35.002,   80.0009,    43.951
 48941.2, 7350.00,  -87.88,  -15.94,    35.005,   80.0016,    43.956
 48942.9, 7338.67,  -82.93,  -16.06,    34.997,   80.0016,    43.938
 48944.6, 7337.05,  -91.75,  -16.28,    34.980,   80.0024,    43.958
 48946.2, 7342.31,  -89.86,  -15.79,    34.991,   80.0034,    43.946
 48947.9, 7359.66,  -89.28,  -16.17,    35.026,   80.0034,    43.960
 48949.5, 7363.21,  -88.48,  -16.55,    34.989,   80.0032,    43.971
 48951.1, 7366.04,  -86.17,  -15.29,    34.996,   80.0020,    43.972
 48952.8, 7369.17,  -90.78,  -16.03,    35.022,   80.0020,    44.000
 48954.4, 7366.51,  -89.85,  -16.10,    34.996,   80.0025,    43.979
 48956.0, 7357.04,  -82.26,  -16.20,    34.999,   80.0034,    43.999
 48957.7, 7340.64,  -89.71,  -15.58,    34.993,   80.0034,    44.000
 48959.4, 7334.72,  -89.23,  -15.87,    34.999,   80.0034,    44.000
 48961.0, 7343.75,  -82.80,  -16.44,    35.020,   80.0033,    44.000
 48962.7, 7348.97,  -75.19,  -16.59,    35.006,   80.0033,    44.000
 48964.3, 7346.89,  -81.55,  -15.65,    34.989,   80.0031,    44.000
 48967.3, 7324.17,  -87.18,  -15.73,    35.000,   80.0026,    44.000
 48968.9, 7306.16,  -91.34,  -16.36,    34.983,   80.0026,    44.000
 48970.6, 7289.97,  -94.49,  -15.68,    34.982,   80.0026,    44.000
 48972.3, 7294.89,  -84.58,  -15.77,    35.011,   80.0026,    44.000
 48974.0, 7293.68,  -93.96,  -15.65,    35.010,   80.0024,    43.984
 48975.6, 7298.11,  -94.02,  -16.03,    34.993,   80.0019,    43.979
 48977.3, 7295.08,  -80.60,  -15.46,    34.985,   80.0019,    44.000
 48979.0, 7287.96,  -93.53,  -15.25,    34.997,   80.0019,    44.000
 48980.7, 7277.14,  -86.31,  -16.35,    34.992,   80.0029,    44.000
 48982.4, 7249.58,  -84.27,  -15.63,    34.999,   80.0029,    44.000
 48984.2, 7225.00,  -89.30,  -16.14,    35.009,   80.0029,    44.000
 48985.9, 7208.19,  -89.25,  -16.46,    35.009,   80.0026,    44.000
 48987.6, 7203.67,  -94.53,  -16.29,    35.010,   80.0026,    44.000
 48989.2, 7202.47,  -89.60,  -16.22,    35.009,   80.0026,    44.000
 48990.9, 7201.61,  -87.26,  -15.52,    34.989,   80.0026,    44.000
 48992.7, 7203.00,  -86.80,  -15.86,    35.010,   80.0026,    44.021
 48994.4, 7184.70,  -95.36,  -15.95,    34.991,   80.0026,    44.023
 48996.0, 7180.00,  -82.60,  -16.34,    34.980,   80.0022,    44.009
 48999.1, 7252.39,  -84.44,  -16.80,    35.026,   80.0023,    44.000
 49000.8, 7336.60,  -85.92,  -15.73,    35.005,   80.0026,    44.000
 49002.4, 7451.80,  -89.87,  -15.62,    34.987,   80.0026,    44.017
 49004.1, 7583.33,  -85.54,  -15.90,    34.993,   80.0025,    44.013
 49005.7, 7706.05,  -83.41,  -15.94,    34.998,   80.0022,    44.026
 49007.4, 7803.29,  -85.33,  -15.48,    35.011,   80.0022,    44.000
 49009.1, 7875.29,  -91.76,  -15.29,    35.008,   80.0022,    44.000
 49010.8, 7920.47,  -80.97,  -16.11,    34.981,   80.0024,    44.000
 49012.5, 7940.89,  -86.06,  -15.70,    34.990,   80.0024,    44.000
 49014.2, 7957.89,  -94.25,  -15.72,    35.020,   80.0027,    44.000
 49015.8, 7959.03,  -85.73,  -16.26,    34.981,   80.0038,    44.000
 49017.4, 7954.74,  -85.77,  -15.69,    34.997,   80.0038,    44.000
 49019.1, 7956.27,  -89.83,  -15.75,    35.018,   80.0038,    44.000
 49020.7, 7959.35,  -89.55,  -16.33,    34.999,   80.0044,    44.000
 49022.3, 7953.34,  -82.46,  -15.84,    35.032,   80.0045,    44.000
 49024.0, 7926.42,  -82.92,  -15.87,    35.012,   80.0045,    44.000
 49025.7, 7913.82,  -84.30,  -15.89,    34.996,   80.0050,    44.000
 49027.4, 7930.21,  -81.14,  -16.04,    35.003,   80.0050,    44.000
 49030.5, 7960.79,  -85.50,  -15.94,    35.010,   80.0034,    44.000
 49032.2, 7955.22,  -81.62,  -16.17,    35.001,   80.0034,    44.000
 49033.9, 7964.08,  -89.53,  -15.74,    35.009,   80.0034,    44.000
 49035.6, 7971.01,  -87.37,  -15.76,    35.007,   80.0022,    44.000
 49037.2, 7990.25,  -82.65,  -16.07,    34.980,   80.0021,    44.000
 49039.0, 8004.51,  -87.20,  -15.60,    34.993,   80.0020,    44.000
 49040.7, 8039.52,  -88.29,  -15.75,    35.012,   80.0016,    44.000
 49042.4, 8068.64,  -82.68,  -15.69,    34.996,   80.0016,    44.000
 49044.1, 8095.45,  -89.12,  -15.79,    34.994,   80.0016,    44.000
 49045.8, 8089.38,  -89.68,  -15.49,    34.990,   80.0016,    44.000
 49047.4, 8058.11,  -81.39,  -16.18,    35.003,   80.0016,    44.000
 49049.0, 7989.50,  -84.69,  -16.04,    34.976,   80.0014,    44.007
 49050.8, 7886.12,  -81.99,  -14.94,    34.987,   80.0000,    44.042
 49052.5, 7795.40,  -85.48,  -16.10,    34.996,   80.0000,    44.000
 49054.1, 7721.45,  -86.22,  -16.28,    35.022,   80.0000,    44.000
 49055.8, 7662.98,  -83.88,  -15.92,    34.985,   80.0017,    44.000
 49057.5, 7635.35,  -82.44,  -16.45,    35.000,   80.0017,    44.000
 49059.1, 7623.72,  -88.05,  -16.04,    35.027,   80.0019,    44.017
 49062.2, 7599.10,  -83.48,  -15.99,    35.004,   80.0024,    44.000
 49063.9, 7580.72,  -92.71,  -16.49,    34.995,   80.0024,    44.018
 49065.6, 7562.06,  -90.35,  -16.45,    34.971,   80.0021,    44.000
 49067.3, 7547.46,  -84.82,  -15.59,    35.019,   80.0021,    44.000
 49069.0, 7543.84,  -83.80,  -16.31,    35.004,   80.0021,    44.016
 49070.7, 7537.63,  -85.95,  -16.95,    35.012,   80.0025,    44.000
 49072.3, 7513.49,  -86.47,  -16.39,    34.990,   80.0026,    44.000
 49074.1, 7491.26,  -84.40,  -15.85,    34.994,   80.0026,    44.016
 49075.9, 7481.57,  -85.24,  -16.02,    34.995,   80.0029,    44.036
 49077.5, 7482.20,  -81.58,  -16.02,    35.024,   80.0029,    44.017
 49079.3, 7485.93,  -86.94,  -16.70,    34.980,   80.0028,    44.006
 49081.0, 7493.14,  -87.75,  -16.27,    35.022,   80.0022,    44.020
 49082.7, 7485.84,  -83.19,  -16.19,    34.993,   80.0022,    44.017
 49084.4, 7496.18,  -82.43,  -15.91,    34.989,   80.0022,    44.000
 49086.1, 7508.95,  -88.90,  -15.79,    35.005,   80.0019,    44.000
 49087.7, 7522.14,  -98.13,  -16.12,    35.001,   80.0019,    44.021
 49089.4, 7537.04,  -83.59,  -16.83,    34.998,   80.0015,    44.045
 49091.1, 7544.72,  -91.73,  -15.65,    34.993,   80.0008,    44.000
 49094.2, 7603.58,  -94.86,  -16.19,    35.024,   80.0009,    44.023
 49096.0, 7645.16,  -84.53,  -15.81,    35.022,   80.0015,    44.000
 49097.7, 7709.60,  -87.32,  -16.45,    34.992,   80.0015,    44.005
 49099.5, 7794.12,  -93.49,  -15.87,    34.968,   80.0012,    44.062
 49101.2, 7881.27,  -89.59,  -16.12,    34.995,   80.0007,    44.062
 49102.9, 7941.08,  -85.80,  -16.61,    35.005,   80.0007,    44.062
 49104.6, 7987.12,  -88.90,  -15.23,    35.009,   80.0000,    44.043
 49106.3, 8051.11,  -81.44,  -15.82,    34.991,   79.9988,    44.062
 49108.0, 8103.88,  -91.12,  -15.79,    34.985,   79.9988,    44.033
 49109.8, 8161.26,  -87.85,  -16.24,    34.977,   79.9992,    44.021
 49111.5, 8208.57,  -83.50,  -15.54,    35.011,   79.9994,    44.041
 49113.2, 8234.26,  -82.75,  -15.10,    34.987,   79.9994,    44.053
 49114.8, 8243.72,  -83.20,  -15.49,    34.991,   79.9986,    44.030
 49116.5, 8226.96,  -93.02,  -15.07,    35.015,   79.9978,    44.062
 49118.2, 8159.71,  -76.82,  -15.84,    34.980,   79.9978,    44.040
 49119.9, 8073.06,  -83.88,  -15.57,    35.011,   79.9981,    44.048
 49121.7, 7970.58,  -87.59,  -16.42,    35.003,   79.9985,    44.062
 49123.4, 7886.28,  -87.16,  -16.65,    34.970,   79.9985,    44.062
 49126.4, 7783.33,  -82.88,  -15.55,    34.988,   80.0003,    44.045
 49128.1, 7750.19,  -82.59,  -15.98,    35.003,   80.0003,    44.003
 49129.8, 7725.03,  -87.91,  -16.15,    35.030,   80.0011,    44.038
 49131.5, 7718.70,  -77.86,  -16.13,    35.050,   80.0022,    44.025
 49133.2, 7705.65,  -85.86,  -15.92,    35.008,   80.0022,    44.031
 49134.9, 7707.12,  -91.80,  -15.35,    34.991,   80.0031,    44.000
 49136.6, 7736.39,  -87.79,  -16.22,    35.043,   80.0037,    44.018
 49138.2, 7746.16,  -93.39,  -16.27,    35.004,   80.0037,    44.000
 49139.8, 7775.21,  -86.32,  -16.72,    34.998,   80.0034,    44.040
 49141.4, 7808.35,  -79.76,  -15.69,    35.027,   80.0030,    44.007
 49143.1, 7859.69,  -89.56,  -16.14,    34.984,   80.0030,    44.000
 49144.8, 7934.61,  -81.36,  -15.94,    34.996,   80.0037,    44.027
 49146.6, 8009.88,  -85.12,  -16.06,    35.005,   80.0044,    44.012
 49148.3, 8079.44,  -93.99,  -15.85,    35.000,   80.0044,    44.020
 49149.9, 8145.43,  -83.07,  -16.01,    35.000,   80.0036,    44.018
 49151.6, 8195.50,  -86.84,  -15.78,    34.986,   80.0026,    44.029
 49153.3, 8231.28,  -87.00,  -15.50,    34.995,   80.0026,    44.010
 49154.9, 8252.60,  -84.17,  -15.48,    34.957,   80.0024,    44.000
 49157.9, 8279.04,  -92.00,  -15.68,    34.980,   80.0022,    44.022
 49159.6, 8284.76,  -85.86,  -15.37,    34.989,   80.0017,    44.017
 49161.2, 8308.68,  -83.09,  -16.08,    34.974,   80.0012,    44.000
 49162.9, 8344.10,  -89.95,  -15.76,    35.065,   80.0012,    44.000
 49164.5, 8351.30,  -80.66,  -15.67,    35.049,   80.0015,    44.000
 49166.2, 8349.59,  -87.12,  -15.19,    35.004,   80.0025,    44.000
 49167.9, 8351.85,  -85.13,  -15.61,    34.947,   80.0025,    44.000
 49169.6, 8377.67,  -88.61,  -16.47,    34.982,   80.0027,    44.000
 49171.2, 8380.95,  -85.56,  -15.99,    35.004,   80.0030,    44.000
 49172.9, 8384.79,  -77.84,  -15.07,    35.038,   80.0030,    44.000
 49174.6, 8390.46,  -81.49,  -15.43,    35.018,   80.0030,    44.000
 49176.4, 8385.31,  -84.52,  -15.65,    34.997,   80.0031,    44.000
 49178.1, 8361.55,  -87.39,  -15.63,    34.987,   80.0031,    44.000
 49179.7, 8306.13,  -86.01,  -15.81,    34.999,   80.0026,    44.000
 49181.5, 8237.37,  -81.44,  -15.76,    34.989,   80.0018,    44.000
 49183.3, 8190.29,  -81.87,  -14.98,    34.986,   80.0018,    44.000
 49185.0, 8188.44,  -94.56,  -15.76,    35.010,   80.0019,    44.000
