apply_cal+QC/WISPER_raw_data/WISPER_20160910_rawField.ict
40, 1001
David Noone
Oregon State University
Water Vapor Isotopic Analyzer (Picarro L2120i) - H2O concentration, D/H and 18O/16O isotope ratios (delta notation)
ORACLES
1, 1
2016, 09, 10, 2016, 09, 10
0
Start_UTC, seconds
6
1, 1, 1, 1, 1, 1
-9999, -9999, -9999, -9999, -9999, -9999
H2O_ppmv, ppmv
dD_permil, permil
d18O_permil, permil
pressure_cavity, torr
temp_cavity, degrees_celcius
temp_das, degrees_celcius
0
18
PI_CONTACT_INFO: Address: David Noone, CEOAS, Oregon State University, Corvallis OR 97331; email: nooned@oregonstate.edu
PLATFORM: NASA P3B (N426NA), sampling port side foward window from forward facing diffuser inlet
LOCATION: Aircraft location data decribed elsewhere
ASSOCIATED_DATA: see http://espoarchive.nasa.gov/archive/browse/oracles
INSTRUMENT_INFO: Water Vapor Isotopic Analyzer (Picarro L2120-i): cavity-ringdown tunable diode laser spectoscopy.
DATA_INFO: Units are ppmv for H2O and permil relative to SMOW for d18O and dD.
UNCERTAINTY: The absolute accuracy humidity dependent is in the range 1 % for H2O, 1 permil for dD and 0.5 permil for d18O.
ULOD_FLAG: -7777
ULOD_VALUE: N/A
LLOD_FLAG: -8888
LLOD_VALUE: N/A
DM_CONTACT_INFO: David Noone; Oregon State University; nooned@oregonstate.edu
PROJECT_INFO: ORACLES Mission August-October 2016; Southeast Atlantic/Walvis Bay, Namibia
STIPULATIONS_ON_USE: Until made public, only the ORACLES science team is allowed to use this data, per the ORACLES data protocol.
OTHER_COMMENTS: Data is uncalibrated, uncheck and not useful for science at this level
REVISION: RAW
RAW: Raw translation of Picarro output files to ICARTT format
Start_UTC, H2O_ppmv, dD_permil, d18O_permil, pressure_cavity, temp_cavity, temp_das
 23747.1,13985.37, -110.71,  -18.73,    35.022,   78.4283,    38.062
 23749.1,14227.04,  -97.12,  -20.65,    35.017,   78.4334,    38.080
[from data line 15769]
 54135.6, 1442.30, -171.78,  -29.70,    34.998,   79.9967,    44.062
 54137.3, 1433.54, -179.01,  -29.73,    35.010,   79.9967,    44.062
 54139.1, 1418.45, -193.87,  -29.17,    34.992,   79.9967,    44.062
 54140.7, 1398.74, -213.18,  -28.90,    35.001,   79.9959,    44.062
 54142.5, 1366.01, -172.80,  -30.54,    35.006,   79.9959,    44.062
 54144.1, 1325.23, -176.81,  -30.04,    35.030,   79.9959,    44.062
 54145.8, 1280.76, -157.60,  -31.76,    34.994,   79.9956,    44.042
 54148.9, 1193.97, -211.14,  -30.86,    35.019,   79.9957,    44.045
 54150.6, 1148.71, -225.90,  -32.23,    34.988,   79.9960,    44.039
 54152.3, 1106.40, -172.01,  -31.75,    34.995,   79.9960,    44.062
 54154.0, 1065.64, -209.53,  -30.25,    34.998,   79.9960,    44.062
 54155.7, 1030.14, -209.66,  -29.38,    35.011,   79.9959,    44.049
 54157.4,  998.33, -233.62,  -31.35,    34.995,   79.9959,    44.054
 54159.1,  969.83, -223.56,  -29.20,    35.005,   79.9959,    44.062
 54160.8,  948.16, -198.47,  -32.75,    35.001,   79.9953,    44.062
 54162.5,  930.32, -176.73,  -34.05,    35.005,   79.9953,    44.062
 54164.2,  910.53, -194.96,  -32.63,    34.993,   79.9956,    44.062
 54165.9,  895.60, -192.72,  -33.52,    35.002,   79.9961,    44.062
 54167.6,  879.93, -170.32,  -31.48,    35.003,   79.9961,    44.062
 54169.2,  868.24, -190.26,  -30.55,    35.009,   79.9961,    44.062
 54170.9,  862.33, -222.94,  -34.61,    35.029,   79.9959,    44.062
 54172.6,  854.58, -240.76,  -34.39,    34.993,   79.9959,    44.062
 54174.3,  849.13, -196.04,  -35.23,    35.002,   79.9964,    44.062
 54175.9,  844.49, -250.04,  -36.46,    35.005,   79.9976,    44.062
 54177.6,  837.45, -242.89,  -32.99,    34.985,   79.9976,    44.062
 54180.7,  830.77, -181.92,  -34.30,    35.016,   79.9965,    44.062
 54182.4,  826.38, -264.30,  -36.02,    34.996,   79.9965,    44.062
 54184.1,  823.03, -212.83,  -36.65,    34.987,   79.9967,    44.045
 54185.8,  817.33, -187.38,  -34.24,    35.000,   79.9972,    44.062
 54187.5,  814.57, -247.33,  -37.17,    35.004,   79.9972,    44.062
 54189.2,  810.47, -235.94,  -37.44,    34.997,   79.9971,    44.062
 54190.9,  807.81, -188.20,  -41.01,    34.997,   79.9967,    44.062
 54192.6,  799.37, -292.09,  -36.17,    35.020,   79.9967,    44.062
 54194.3,  798.57, -225.15,  -40.91,    35.007,   79.9969,    44.062
 54196.1,  794.27, -242.44,  -40.09,    35.021,   79.9972,    44.062
 54197.8,  788.78, -242.34,  -38.58,    34.993,   79.9972,    44.033
 54199.5,  784.58, -244.62,  -38.42,    35.024,   79.9973,    44.000
 54201.2,  782.89, -252.29,  -40.96,    34.986,   79.9974,    44.020
 54202.9,  780.85, -286.25,  -38.91,    35.015,   79.9974,    44.056
 54204.6,  777.83, -228.81,  -40.92,    35.015,   79.9977,    44.021
 54206.3,  775.52, -216.46,  -41.18,    34.996,   79.9984,    44.013
 54208.1,  769.80, -186.17,  -37.63,    34.984,   79.9984,    44.045
 54209.8,  768.89, -325.87,  -41.23,    34.988,   79.9987,    44.047
 54212.9,  761.76, -351.76,  -40.68,    35.015,   79.9992,    44.026
 54214.6,  761.23, -274.44,  -42.58,    35.019,   79.9995,    44.062
 54216.3,  755.05, -288.66,  -40.48,    34.983,   79.9998,    44.045
 54218.0,  752.47, -199.84,  -43.34,    34.990,   79.9998,    44.055
 54219.7,  748.76, -258.06,  -42.64,    35.007,   80.0002,    44.019
 54221.4,  745.93, -209.95,  -42.63,    35.012,   80.0008,    44.018
 54223.2,  741.89, -258.62,  -41.43,    34.994,   80.0008,    44.015
 54224.9,  739.30, -225.90,  -42.85,    35.009,   80.0001,    44.000
 54226.6,  733.78, -263.84,  -39.51,    34.985,   79.9997,    44.000
 54228.3,  736.74, -217.52,  -45.93,    34.990,   79.9997,    44.000
 54230.0,  735.86, -223.30,  -46.85,    34.983,   79.9997,    44.023
 54231.6,  730.16, -176.34,  -41.48,    34.994,   79.9998,    44.000
 54233.4,  728.55, -175.48,  -40.57,    35.016,   79.9998,    44.000
 54235.1,  727.55, -275.52,  -44.69,    35.009,   79.9992,    44.000
 54236.8,  727.05, -264.05,  -45.45,    35.006,   79.9989,    44.000
 54238.4,  723.79, -352.56,  -43.11,    34.998,   79.9989,    44.000
 54240.1,  725.23, -246.50,  -43.92,    35.004,   79.9990,    44.000
 54241.8,  722.23, -273.46,  -41.94,    34.984,   79.9990,    44.000
 54244.9,  723.46, -280.57,  -42.11,    34.987,   79.9987,    43.976
 54246.6,  725.23, -305.59,  -46.74,    34.997,   79.9984,    43.997
 54248.2,  723.61, -225.52,  -43.88,    34.990,   79.9984,    43.938
 54249.9,  724.46, -221.53,  -42.70,    35.011,   79.9987,    43.984
 54251.6,  723.69, -293.18,  -44.76,    34.997,   79.9989,    43.963
 54253.2,  725.08, -277.29,  -46.74,    34.989,   79.9989,    44.000
 54255.0,  723.03, -294.22,  -41.85,    35.021,   79.9991,    43.961
 54256.7,  723.46, -224.83,  -42.89,    35.040,   79.9992,    43.980
 54258.4,  721.68, -329.46,  -43.02,    34.999,   79.9992,    44.000
 54260.1,  721.44, -287.24,  -45.14,    34.987,   79.9989,    44.000
 54261.7,  720.47, -278.94,  -44.00,    35.005,   79.9987,    43.964
 54263.4,  719.86, -319.21,  -44.81,    34.995,   79.9987,    43.959
 54265.0,  717.52, -315.41,  -42.85,    34.990,   79.9980,    43.995
 54266.7,  717.74, -327.46,  -44.09,    34.996,   79.9977,    43.983
 54268.3,  715.81, -343.31,  -44.10,    35.005,   79.9977,    44.000
 54270.0,  716.79, -252.30,  -45.99,    34.995,   79.9963,    44.000
 54271.7,  716.19, -334.11,  -44.03,    34.991,   79.9954,    43.940
 54273.4,  713.14, -287.23,  -41.79,    34.993,   79.9954,    43.962
 54276.4,  715.06, -267.80,  -47.66,    35.023,   79.9956,    43.983
 54278.2,  711.16, -305.70,  -44.14,    34.996,   79.9956,    43.969
 54279.9,  709.88, -334.94,  -43.04,    34.995,   79.9964,    43.992
 54281.7,  709.51, -341.52,  -44.61,    35.012,   79.9969,    43.979
 54283.4,  709.96, -275.20,  -46.46,    34.997,   79.9969,    43.967
 54285.2,  707.56, -312.96,  -44.74,    35.003,   79.9976,    43.964
 54287.0,  710.44, -285.70,  -48.52,    35.000,   79.9981,    44.000
 54288.6,  706.58, -325.38,  -43.59,    34.992,   79.9981,    43.954
 54290.3,  707.15, -191.00,  -45.37,    34.995,   79.9974,    43.938
 54291.9,  709.45, -361.81,  -47.67,    35.017,   79.9972,    43.938
 54293.5,  707.65, -348.78,  -47.59,    35.008,   79.9972,    43.974
 54295.2,  703.61, -224.88,  -43.85,    35.009,   79.9986,    43.943
 54296.8,  701.65, -277.76,  -44.64,    34.982,   79.9994,    43.938
 54298.5,  703.36, -376.72,  -47.19,    35.002,   79.9994,    43.938
 54300.1,  704.88, -285.40,  -50.63,    35.018,   80.0001,    43.947
 54301.7,  698.38, -324.31,  -42.89,    34.992,   80.0003,    43.989
 54303.4,  699.64, -322.69,  -44.26,    35.004,   80.0003,    43.955
 54305.1,  703.09, -373.41,  -46.57,    35.010,   80.0005,    43.958
 54308.2,  702.36, -248.37,  -46.22,    34.988,   80.0007,    43.961
 54309.9,  699.34, -333.70,  -40.00,    34.998,   80.0012,    43.974
 54311.6,  704.90, -267.86,  -47.41,    34.986,   80.0015,    43.938
 54313.2,  708.59, -335.53,  -50.70,    34.960,   80.0015,    43.980
 54314.9,  707.99, -295.03,  -47.27,    35.009,   80.0016,    44.000
 54316.7,  705.35, -268.26,  -41.53,    35.015,   80.0018,    44.000
 54318.4,  709.48, -276.97,  -45.90,    35.005,   80.0018,    43.938
 54320.0,  712.07, -315.22,  -47.33,    34.994,   80.0012,    43.955
 54321.7,  715.71, -297.36,  -51.16,    34.983,   80.0008,    43.938
 54323.3,  715.13, -374.66,  -48.58,    35.022,   80.0008,    43.938
 54325.1,  714.70, -283.00,  -45.76,    35.031,   80.0003,    43.975
 54326.9,  716.22, -249.74,  -49.20,    35.013,   80.0000,    43.960
 54328.6,  714.27, -382.08,  -48.20,    34.983,   80.0000,    43.967
 54330.3,  713.54, -372.98,  -49.85,    34.981,   80.0006,    43.942
 54332.1,  713.73, -252.13,  -48.77,    34.989,   80.0007,    43.938
 54333.7,  713.85, -256.84,  -50.09,    34.999,   80.0007,    43.959
 54335.4,  709.20, -362.65,  -46.57,    35.004,   79.9994,    43.938
 54337.0,  709.07, -264.50,  -47.24,    35.005,   79.9987,    43.938
 54340.1,  703.15, -426.82,  -41.99,    34.994,   79.9982,    43.938
 54341.7,  708.38, -319.72,  -49.46,    35.019,   79.9979,    43.938
 54343.4,  704.49, -394.85,  -45.62,    35.010,   79.9979,    43.938
 54345.1,  704.83, -324.27,  -48.32,    35.009,   79.9987,    43.938
 54346.7,  701.24, -377.63,  -45.11,    34.995,   79.9994,    43.938
 54348.4,  703.39, -306.26,  -47.85,    35.000,   79.9994,    43.938
 54350.2,  702.09, -382.75,  -48.76,    34.977,   79.9996,    43.938
 54351.9,  700.73, -318.97,  -45.46,    34.995,   79.9997,    43.956
 54353.6,  697.84, -297.09,  -45.76,    34.995,   79.9997,    43.941
 54355.3,  699.72, -252.49,  -46.14,    35.000,   79.9988,    43.938
 54356.9,  698.42, -311.77,  -43.62,    35.006,   79.9983,    43.938
 54358.6,  700.62, -212.21,  -45.79,    35.022,   79.9983,    43.938
 54360.3,  700.13, -376.07,  -49.90,    34.992,   79.9990,    43.938
 54362.1,  698.93, -368.98,  -47.61,    35.036,   79.9995,    43.938
 54363.8,  697.26, -296.18,  -48.46,    35.005,   79.9995,    43.938
 54365.5,  695.99, -340.84,  -45.79,    35.016,   80.0005,    43.938
 54367.2,  695.91, -301.09,  -49.40,    35.021,   80.0006,    43.938
 54368.8,  694.10, -326.57,  -47.92,    35.013,   80.0006,    43.938
 54371.9,  685.39, -369.65,  -43.55,    34.989,   80.0020,    43.938
 54373.6,  684.17, -237.67,  -48.65,    34.980,   80.0020,    43.938
 54375.3,  675.96, -291.69,  -41.62,    34.971,   80.0032,    43.938
 54377.0,  674.10, -255.74,  -42.05,    34.984,   80.0036,    43.938
 54378.7,  677.47, -241.63,  -50.97,    35.014,   80.0036,    43.938
 54380.4,  676.57, -381.08,  -51.06,    35.014,   80.0042,    43.938
 54382.0,  675.79, -342.32,  -50.28,    34.992,   80.0042,    43.938
 54383.6,  673.32, -269.78,  -45.94,    35.019,   80.0042,    43.938
 54385.2,  672.19, -335.98,  -45.40,    35.012,   80.0054,    43.938
 54386.9,  674.10, -207.43,  -46.16,    34.991,   80.0058,    43.938
 54388.6,  673.62, -362.24,  -45.69,    34.985,   80.0058,    43.938
 54390.2,  677.38, -363.33,  -49.10,    35.010,   80.0060,    43.938
 54391.9,  675.67, -374.05,  -48.21,    35.010,   80.0060,    43.938
 54393.6,  676.58, -326.55,  -46.85,    34.997,   80.0060,    43.938
 54395.3,  676.61, -395.83,  -47.02,    35.000,   80.0049,    43.938
 54397.0,  678.59, -306.07,  -48.33,    34.980,   80.0049,    43.938
 54398.7,  677.95, -272.09,  -46.89,    34.992,   80.0043,    43.938
 54400.5,  674.58, -362.97,  -44.34,    34.983,   80.0026,    43.938
 54403.6,  677.85, -262.09,  -44.82,    35.010,   80.0026,    43.927
 54405.3,  678.03, -378.11,  -44.05,    34.998,   80.0022,    43.909
 54407.0,  681.46, -349.93,  -49.06,    34.999,   80.0021,    43.938
 54408.6,  682.50, -313.98,  -49.80,    35.015,   80.0021,    43.938
 54410.3,  677.65, -392.27,  -45.37,    35.007,   80.0014,    43.938
 54412.0,  680.20, -299.10,  -49.08,    35.004,   80.0011,    43.938
 54413.8,  679.67, -263.60,  -50.09,    34.984,   80.0011,    43.921
 54415.5,  677.75, -332.42,  -48.73,    34.991,   80.0018,    43.938
 54417.2,  675.50, -367.24,  -47.62,    34.995,   80.0019,    43.938
 54418.9,  675.33, -333.55,  -48.04,    35.008,   80.0019,    43.938
 54420.5,  674.68, -366.21,  -48.97,    34.988,   80.0009,    43.938
 54422.1,  670.36, -302.96,  -43.78,    34.977,   80.0007,    43.938
 54423.8,  670.74, -253.24,  -46.20,    34.988,   80.0007,    43.938
 54425.4,  667.41, -282.39,  -43.12,    35.032,   80.0007,    43.938
 54427.1,  665.00, -340.14,  -46.33,    35.012,   80.0007,    43.938
 54428.8,  661.29, -331.44,  -47.61,    35.005,   80.0007,    43.905
 54430.6,  655.61, -388.93,  -46.34,    34.991,   80.0025,    43.916
 54432.2,  651.64, -384.19,  -47.98,    34.989,   80.0025,    43.915
 54435.2,  647.16, -296.28,  -50.27,    35.001,   80.0022,    43.914
 54437.0,  643.75, -310.98,  -47.12,    35.010,   80.0020,    43.921
 54438.7,  643.31, -384.60,  -49.51,    34.999,   80.0020,    43.938
 54440.4,  642.75, -377.49,  -50.62,    34.996,   80.0031,    43.938
 54442.0,  639.33, -308.11,  -46.15,    34.969,   80.0033,    43.893
 54443.7,  639.95, -264.59,  -45.55,    35.005,   80.0033,    43.898
 54445.3,  636.99, -339.06,  -42.69,    35.007,   80.0049,    43.918
 54446.9,  637.44, -292.86,  -45.87,    34.994,   80.0055,    43.938
 54448.5,  640.18, -180.68,  -49.76,    35.020,   80.0055,    43.938
 54450.1,  636.60, -335.27,  -48.51,    34.985,   80.0050,    43.938
 54451.8,  635.94, -282.23,  -48.51,    35.008,   80.0049,    43.898
 54453.4,  633.38, -301.30,  -46.12,    35.015,   80.0049,    43.938
 54455.1,  632.67, -364.88,  -47.03,    35.017,   80.0041,    43.899
 54456.8,  631.02, -344.39,  -46.57,    34.984,   80.0036,    43.900
 54458.4,  632.68, -298.31,  -49.11,    35.001,   80.0036,    43.921
 54460.1,  632.19, -351.74,  -48.78,    34.988,   80.0042,    43.911
 54461.7,  632.31, -314.53,  -46.84,    34.993,   80.0043,    43.902
 54463.4,  630.72, -370.92,  -45.92,    35.004,   80.0043,    43.886
 54466.4,  631.86, -393.98,  -48.10,    34.995,   80.0043,    43.875
 54468.2,  633.15, -290.38,  -49.24,    35.018,   80.0043,    43.875
 54469.9,  631.36, -291.76,  -47.59,    35.003,   80.0051,    43.875
 54471.5,  627.73, -426.13,  -45.62,    35.025,   80.0055,    43.875
 54473.2,  626.46, -265.56,  -49.30,    34.989,   80.0055,    43.875
 54474.9,  621.11, -309.47,  -45.33,    35.030,   80.0053,    43.898
 54476.7,  621.17, -300.31,  -47.08,    35.029,   80.0051,    43.925
 54478.4,  616.14, -331.40,  -47.75,    34.989,   80.0051,    43.883
 54480.1,  614.98, -394.34,  -48.82,    35.006,   80.0049,    43.875
 54481.7,  612.20, -254.07,  -50.89,    35.000,   80.0048,    43.875
 54483.4,  607.86, -392.67,  -45.34,    34.987,   80.0048,    43.904
 54485.2,  608.34, -349.07,  -47.41,    35.003,   80.0040,    43.904
 54486.9,  608.82, -287.76,  -51.23,    35.005,   80.0035,    43.898
 54488.7,  602.92, -300.26,  -45.72,    35.010,   80.0035,    43.875
 54490.4,  604.57, -310.86,  -50.82,    35.017,   80.0034,    43.875
 54492.0,  599.42, -402.91,  -45.98,    35.012,   80.0033,    43.875
 54493.7,  598.51, -330.40,  -45.71,    34.974,   80.0033,    43.875
 54495.3,  596.24, -332.10,  -46.34,    34.992,   80.0031,    43.875
 54498.3,  593.98, -366.88,  -48.12,    34.986,   80.0030,    43.875
 54500.0,  593.16, -304.61,  -48.38,    35.022,   80.0032,    43.875
 54501.7,  591.95, -276.10,  -48.31,    35.023,   80.0032,    43.883
 54503.4,  590.53, -332.16,  -49.82,    34.985,   80.0032,    43.913
 54505.0,  588.07, -331.51,  -49.13,    35.006,   80.0027,    43.875
 54506.8,  586.72, -342.77,  -46.05,    35.016,   80.0022,    43.875
 54508.5,  584.26, -451.57,  -45.54,    34.995,   80.0022,    43.875
 54510.2,  584.81, -337.30,  -47.02,    34.986,   80.0036,    43.875
 54512.0,  583.00, -397.12,  -46.23,    35.006,   80.0041,    43.875
 54513.7,  583.33, -336.92,  -53.64,    34.993,   80.0041,    43.875
 54515.4,  577.82, -424.98,  -49.62,    34.992,   80.0048,    43.875
 54517.1,  575.40, -336.24,  -52.56,    35.015,   80.0049,    43.875
 54518.8,  571.01, -352.11,  -45.98,    35.011,   80.0049,    43.875
 54520.5,  567.40, -433.80,  -46.83,    35.014,   80.0049,    43.875
 54522.1,  564.32, -366.22,  -48.90,    35.000,   80.0049,    43.875
 54523.8,  560.37, -314.89,  -47.85,    35.023,   80.0049,    43.875
 54525.5,  555.94, -346.41,  -46.60,    35.003,   80.0052,    43.875
 54527.1,  552.44, -342.07,  -50.01,    35.012,   80.0053,    43.875
 54530.1,  541.12, -294.95,  -48.23,    34.986,   80.0061,    43.875
 54531.9,  539.00, -294.86,  -51.01,    35.000,   80.0063,    43.875
 54533.6,  530.80, -313.90,  -47.18,    35.014,   80.0063,    43.875
 54535.2,  525.37, -269.75,  -46.26,    35.002,   80.0054,    43.875
 54537.0,  517.20, -280.54,  -41.17,    35.005,   80.0049,    43.875
 54538.7,  514.35, -390.95,  -45.12,    35.022,   80.0049,    43.875
 54540.4,  511.42, -365.91,  -49.32,    34.988,   80.0055,    43.875
 54542.0,  508.57, -413.09,  -52.84,    35.004,   80.0055,    43.875
