apply_cal+QC/WISPER_raw_data/WISPER_20160914_rawField.ict
40, 1001
David Noone
Oregon State University
Water Vapor Isotopic Analyzer (Picarro L2120i) - H2O concentration, D/H and 18O/16O isotope ratios (delta notation)
ORACLES
1, 1
2016, 09, 14, 2016, 09, 14
0
Start_UTC, seconds
6
1, 1, 1, 1, 1, 1
-9999, -9999, -9999, -9999, -9999, -9999
H2O_ppmv, ppmv
dD_permil, permil
d18O_permil, permil
pressure_cavity, torr
temp_cavity, degrees_celcius
temp_das, degrees_celcius
0
18
PI_CONTACT_INFO: Address: David Noone, CEOAS, Oregon State University, Corvallis OR 97331; email: nooned@oregonstate.edu
PLATFORM: NASA P3B (N426NA), sampling port side foward window from forward facing diffuser inlet
LOCATION: Aircraft location data decribed elsewhere
ASSOCIATED_DATA: see http://espoarchive.nasa.gov/archive/browse/oracles
INSTRUMENT_INFO: Water Vapor Isotopic Analyzer (Picarro L2120-i): cavity-ringdown tunable diode laser spectoscopy.
DATA_INFO: Units are ppmv for H2O and permil relative to SMOW for d18O and dD.
UNCERTAINTY: The absolute accuracy humidity dependent is in the range 1 % for H2O, 1 permil for dD and 0.5 permil for d18O.
ULOD_FLAG: -7777
ULOD_VALUE: N/A
LLOD_FLAG: -8888
LLOD_VALUE: N/A
DM_CONTACT_INFO: David Noone; Oregon State University; nooned@oregonstate.edu
PROJECT_INFO: ORACLES Mission August-October 2016; Southeast Atlantic/Walvis Bay, Namibia
STIPULATIONS_ON_USE: Until made public, only the ORACLES science team is allowed to use this data, per the ORACLES data protocol.
OTHER_COMMENTS: Data is uncalibrated, uncheck and not useful for science at this level
REVISION: RAW
RAW: Raw translation of Picarro output files to ICARTT format
Start_UTC, H2O_ppmv, dD_permil, d18O_permil, pressure_cavity, temp_cavity, temp_das
 24094.3,13188.47, -130.14,   13.35,    35.001,   78.4842,    40.734
 24096.4,13262.40,  -25.99,   -9.12,    35.010,   78.5246,    40.750
[from data line 4174]
 31382.9, 1477.17, -357.51,  -44.75,    35.009,   80.0012,    46.188
 31384.6, 1607.34, -330.55,  -39.97,    35.038,   80.0012,    46.188
 31386.3, 1764.71, -345.76,  -36.28,    35.013,   80.0011,    46.188
 31388.0, 1974.95, -322.48,  -40.61,    35.001,   80.0011,    46.188
 31389.7, 2232.86, -309.00,  -32.84,    34.990,   80.0017,    46.188
 31391.4, 2526.64, -289.30,  -31.76,    35.008,   80.0021,    46.188
 31393.1, 2829.45, -282.68,  -28.16,    35.003,   80.0021,    46.188
 31394.8, 3115.08, -259.61,  -30.62,    35.034,   80.0022,    46.188
 31396.5, 3333.30, -249.21,  -26.08,    34.992,   80.0024,    46.188
 31398.3, 3469.82, -240.54,  -25.48,    34.970,   80.0024,    46.188
 31400.0, 3550.43, -225.33,  -24.87,    34.989,   80.0027,    46.188
 31401.8, 3599.58, -225.25,  -24.09,    35.014,   80.0029,    46.188
 31403.5, 3669.67, -191.51,  -22.45,    35.043,   80.0029,    46.188
 31405.2, 3752.30, -203.87,  -22.50,    35.019,   80.0026,    46.188
 31406.8, 3846.70, -206.04,  -23.04,    34.965,   80.0024,    46.188
 31408.4, 3958.04, -197.51,  -22.59,    34.920,   80.0024,    46.188
 31410.1, 4091.98, -191.29,  -23.13,    35.016,   80.0022,    46.188
 31411.8, 4218.60, -167.08,  -20.27,    35.083,   80.0020,    46.188
 31414.9, 4376.55, -166.83,  -20.76,    34.994,   80.0028,    46.188
 31416.5, 4438.95, -168.44,  -20.26,    34.959,   80.0032,    46.188
 31418.3, 4521.19, -164.87,  -21.29,    34.976,   80.0032,    46.188
 31420.0, 4600.96, -156.86,  -19.24,    35.013,   80.0021,    46.188
 31421.8, 4687.48, -140.34,  -19.46,    35.048,   80.0013,    46.188
 31423.6, 4754.65, -157.44,  -18.98,    34.999,   80.0013,    46.188
 31425.3, 4809.92, -139.14,  -19.50,    34.998,   80.0013,    46.188
 31427.0, 4840.00, -159.06,  -18.84,    34.982,   80.0012,    46.188
 31428.7, 4853.58, -135.19,  -19.48,    35.002,   80.0012,    46.208
 31430.3, 4844.70, -141.02,  -19.25,    34.992,   80.0010,    46.210
 31432.0, 4844.17, -140.47,  -19.03,    35.020,   80.0008,    46.233
 31433.7, 4859.04, -138.94,  -18.70,    35.022,   80.0008,    46.250
 31435.5, 4881.78, -137.96,  -18.94,    34.987,   80.0006,    46.250
 31437.2, 4916.29, -133.65,  -19.33,    34.997,   80.0006,    46.250
 31438.8, 4946.36, -131.91,  -18.31,    34.991,   80.0006,    46.250
 31440.5, 4979.79, -133.63,  -19.50,    34.973,   80.0006,    46.250
 31442.0, 5017.48, -134.66,  -19.67,    35.019,   80.0006,    46.208
 31443.5, 5047.28, -109.02,  -19.28,    35.010,   80.0006,    46.250
 31446.5, 5090.83, -124.91,  -17.92,    34.934,   80.0017,    46.250
 31448.2, 5114.71, -123.65,  -17.69,    34.985,   80.0017,    46.250
 31450.0, 5145.85, -127.56,  -17.28,    35.097,   80.0022,    46.250
 31451.8, 5158.69, -132.39,  -17.94,    35.039,   80.0025,    46.250
 31453.5, 5159.16, -116.44,  -18.46,    34.935,   80.0025,    46.248
 31455.3, 5171.85, -122.17,  -17.20,    35.031,   80.0036,    46.214
 31457.0, 5177.17, -126.39,  -18.51,    35.026,   80.0041,    46.250
 31458.7, 5186.33, -113.10,  -17.82,    35.055,   80.0041,    46.250
 31460.3, 5181.84, -129.11,  -17.81,    35.004,   80.0044,    46.250
 31462.0, 5187.86, -122.38,  -17.75,    34.983,   80.0044,    46.230
 31463.7, 5196.64, -110.10,  -18.19,    35.000,   80.0044,    46.250
 31465.4, 5186.26, -118.09,  -18.26,    34.987,   80.0050,    46.232
 31467.2, 5180.48, -111.57,  -17.93,    35.026,   80.0050,    46.250
 31468.8, 5170.12, -125.42,  -17.49,    35.018,   80.0050,    46.250
 31470.6, 5172.56, -115.17,  -18.14,    34.997,   80.0030,    46.212
 31472.3, 5175.86, -129.91,  -17.81,    34.985,   80.0026,    46.188
 31474.0, 5188.24, -114.68,  -18.22,    34.977,   80.0025,    46.207
 31475.7, 5209.67, -110.56,  -17.37,    35.042,   80.0017,    46.206
 31478.8, 5225.32, -114.50,  -17.65,    34.990,   80.0017,    46.250
 31480.6, 5230.08, -101.83,  -17.84,    34.948,   80.0018,    46.250
 31482.2, 5239.40, -120.90,  -18.56,    34.927,   80.0018,    46.250
 31483.9, 5262.50, -120.62,  -16.80,    35.045,   80.0018,    46.235
 31485.7, 5263.84, -108.39,  -17.83,    35.043,   80.0018,    46.250
 31487.5, 5266.63, -115.80,  -18.45,    34.972,   80.0017,    46.250
 31489.3, 5272.60, -112.67,  -17.86,    34.984,   80.0018,    46.250
 31491.0, 5275.35, -116.63,  -18.31,    34.988,   80.0023,    46.250
 31492.8, 5279.33, -102.67,  -18.03,    35.024,   80.0023,    46.250
 31494.5, 5273.48, -114.03,  -17.65,    35.020,   80.0019,    46.250
 31496.2, 5274.42, -112.51,  -17.91,    35.011,   80.0014,    46.227
 31497.9, 5269.70, -114.04,  -18.14,    34.980,   80.0014,    46.250
 31499.7, 5274.36, -103.47,  -18.07,    34.992,   80.0017,    46.232
 31501.4, 5270.63, -115.17,  -17.61,    35.003,   80.0020,    46.250
 31503.1, 5269.12, -124.03,  -17.75,    34.986,   80.0020,    46.250
 31504.8, 5278.19, -110.74,  -18.00,    35.005,   80.0025,    46.234
 31506.6, 5283.72, -113.04,  -17.50,    35.059,   80.0029,    46.191
 31508.4, 5284.34, -114.64,  -18.23,    34.998,   80.0029,    46.237
 31511.5, 5295.97, -117.83,  -18.15,    34.965,   80.0030,    46.250
 31513.1, 5298.70, -100.77,  -17.89,    34.978,   80.0030,    46.250
 31514.7, 5316.43, -118.87,  -17.65,    35.061,   80.0028,    46.250
 31516.3, 5317.76, -106.33,  -17.33,    35.046,   80.0026,    46.250
 31518.0, 5316.22, -107.26,  -17.50,    35.004,   80.0026,    46.250
 31519.7, 5316.11, -107.16,  -18.04,    34.971,   80.0031,    46.250
 31521.4, 5311.06, -108.67,  -17.72,    34.970,   80.0036,    46.250
 31523.1, 5317.36, -102.13,  -17.82,    34.990,   80.0036,    46.250
 31524.9, 5314.12, -108.67,  -17.43,    35.017,   80.0029,    46.250
 31526.6, 5320.26, -110.89,  -17.47,    35.030,   80.0023,    46.250
 31528.2, 5318.50, -113.10,  -17.96,    34.996,   80.0023,    46.250
 31529.9, 5325.74, -113.90,  -17.49,    35.015,   80.0017,    46.250
 31531.7, 5324.91, -118.48,  -17.58,    34.989,   80.0011,    46.250
 31533.5, 5331.75, -107.10,  -17.01,    35.010,   80.0011,    46.250
 31535.2, 5337.54, -116.22,  -17.76,    35.016,   80.0000,    46.250
 31537.0, 5345.53, -105.11,  -17.81,    35.015,   79.9996,    46.250
 31538.8, 5344.93, -107.48,  -17.39,    34.979,   79.9996,    46.250
 31540.6, 5348.53, -108.21,  -17.26,    34.974,   79.9989,    46.250
 31543.7, 5355.62, -115.36,  -16.77,    35.004,   79.9987,    46.250
 31545.4, 5362.96, -104.13,  -17.76,    35.034,   79.9979,    46.250
 31547.1, 5357.90, -106.38,  -17.19,    35.016,   79.9979,    46.250
 31548.9, 5356.73, -102.70,  -18.60,    34.932,   79.9979,    46.250
 31550.5, 5349.96, -106.95,  -17.44,    34.959,   79.9973,    46.250
 31552.2, 5353.44, -107.95,  -17.67,    35.022,   79.9972,    46.250
 31554.0, 5349.44, -105.88,  -17.34,    35.036,   79.9974,    46.250
 31555.8, 5343.71, -104.63,  -17.88,    35.019,   79.9979,    46.250
 31557.5, 5331.85,  -98.14,  -17.33,    34.993,   79.9979,    46.250
 31559.3, 5327.21, -105.84,  -17.02,    34.978,   79.9982,    46.250
 31561.0, 5336.53, -107.51,  -18.13,    34.998,   79.9992,    46.250
 31562.8, 5334.86, -115.06,  -16.72,    35.018,   79.9992,    46.250
 31564.6, 5340.07, -103.47,  -17.85,    35.012,   79.9991,    46.250
 31566.3, 5345.21, -109.37,  -17.57,    35.025,   79.9989,    46.250
 31567.9, 5346.90, -105.49,  -17.92,    35.011,   79.9989,    46.250
 31569.6, 5349.82, -106.32,  -16.95,    34.999,   79.9998,    46.250
 31571.3, 5345.03, -100.43,  -18.04,    34.919,   80.0010,    46.250
 31573.0, 5357.95, -114.34,  -18.64,    34.959,   80.0010,    46.250
 31576.1, 5376.87, -106.85,  -17.54,    35.043,   80.0009,    46.250
 31577.8, 5379.23, -114.90,  -17.41,    35.005,   80.0009,    46.250
 31579.6, 5371.30, -106.87,  -16.95,    34.956,   80.0009,    46.250
 31581.3, 5378.22,  -86.91,  -18.65,    34.920,   80.0008,    46.250
 31582.9, 5386.99, -108.36,  -16.61,    35.036,   80.0008,    46.250
 31584.6, 5394.84, -117.54,  -17.26,    35.070,   80.0014,    46.250
 31586.4, 5387.31, -102.83,  -16.76,    35.040,   80.0023,    46.250
 31588.2, 5369.43, -102.35,  -17.99,    34.961,   80.0023,    46.250
 31590.0, 5350.82,  -93.61,  -17.65,    34.990,   80.0035,    46.250
 31591.8, 5317.59,  -98.23,  -17.36,    34.984,   80.0044,    46.250
 31593.5, 5305.54, -102.91,  -17.70,    35.048,   80.0044,    46.250
 31595.2, 5291.51, -104.00,  -17.53,    35.016,   80.0035,    46.250
 31596.9, 5286.59,  -99.80,  -18.12,    34.976,   80.0033,    46.250
 31598.6, 5290.45, -102.54,  -17.43,    35.008,   80.0033,    46.250
 31600.3, 5288.69, -106.28,  -17.08,    34.992,   80.0038,    46.250
 31602.0, 5304.76, -117.68,  -17.59,    35.000,   80.0040,    46.250
 31603.8, 5318.74,  -95.21,  -17.40,    35.003,   80.0039,    46.250
 31605.5, 5337.91, -116.70,  -17.22,    35.052,   80.0030,    46.250
 31608.4, 5357.40,  -91.96,  -17.96,    34.973,   80.0030,    46.227
 31610.1, 5367.20, -108.24,  -18.26,    34.970,   80.0033,    46.250
 31611.8, 5372.64, -121.01,  -16.21,    35.005,   80.0034,    46.250
 31613.6, 5390.29, -104.83,  -17.53,    35.024,   80.0034,    46.250
 31615.4, 5399.96, -104.74,  -17.39,    35.030,   80.0035,    46.250
 31617.0, 5400.02,  -95.10,  -17.30,    34.968,   80.0035,    46.250
 31618.8, 5408.66, -102.12,  -17.74,    34.978,   80.0035,    46.250
 31620.5, 5413.22,  -97.78,  -16.73,    34.996,   80.0024,    46.250
 31622.1, 5417.88, -112.69,  -17.68,    35.010,   80.0020,    46.236
 31623.8, 5420.63, -113.05,  -16.25,    35.047,   80.0020,    46.209
 31625.5, 5423.88,  -97.20,  -17.92,    35.025,   80.0018,    46.250
 31627.2, 5418.71, -103.62,  -17.65,    34.977,   80.0018,    46.250
 31629.0, 5419.20, -108.14,  -17.05,    34.986,   80.0018,    46.250
 31630.8, 5427.50,  -96.47,  -18.19,    35.001,   80.0022,    46.250
 31632.5, 5429.29, -106.73,  -17.20,    35.014,   80.0022,    46.250
 31634.3, 5434.83, -105.26,  -16.74,    35.016,   80.0021,    46.250
 31636.0, 5438.53, -111.24,  -18.15,    34.971,   80.0019,    46.250
 31637.6, 5444.80,  -89.89,  -17.92,    34.977,   80.0019,    46.250
 31640.6, 5454.98,  -99.32,  -17.66,    34.998,   80.0024,    46.250
 31642.3, 5451.99, -103.81,  -17.06,    35.022,   80.0024,    46.250
 31644.0, 5456.00, -109.16,  -17.32,    35.038,   80.0024,    46.250
 31645.8, 5444.79, -100.11,  -17.29,    34.990,   80.0036,    46.250
 31647.5, 5444.51,  -98.97,  -17.17,    34.980,   80.0043,    46.250
 31649.1, 5443.67, -111.20,  -17.42,    34.972,   80.0046,    46.250
 31650.7, 5450.61, -101.27,  -17.00,    35.025,   80.0057,    46.250
 31652.3, 5449.79, -105.44,  -17.02,    35.028,   80.0057,    46.250
 31654.1, 5454.04,  -99.78,  -17.44,    35.023,   80.0057,    46.250
 31655.8, 5451.33,  -88.16,  -17.64,    34.995,   80.0055,    46.250
 31657.5, 5450.45,  -98.64,  -18.33,    34.947,   80.0055,    46.250
 31659.2, 5447.68, -108.03,  -17.24,    34.959,   80.0057,    46.250
 31661.0, 5463.77, -121.29,  -17.66,    35.031,   80.0068,    46.250
 31662.7, 5469.40,  -89.55,  -17.16,    35.076,   80.0068,    46.250
 31664.5, 5455.84, -103.13,  -17.28,    35.002,   80.0073,    46.250
 31666.2, 5450.54, -104.65,  -17.45,    34.964,   80.0080,    46.250
 31667.9, 5451.81, -100.17,  -16.64,    34.963,   80.0080,    46.268
 31669.6, 5460.49, -109.70,  -17.59,    34.995,   80.0084,    46.273
 31672.7, 5464.79, -105.56,  -16.73,    35.045,   80.0086,    46.250
 31674.4, 5461.28,  -98.36,  -17.69,    35.019,   80.0086,    46.250
 31676.0, 5455.96, -100.86,  -17.24,    34.990,   80.0080,    46.250
 31677.7, 5461.30, -104.22,  -17.11,    34.987,   80.0079,    46.250
 31679.3, 5468.76, -103.22,  -17.72,    34.984,   80.0075,    46.250
 31681.0, 5472.78, -107.62,  -17.10,    34.974,   80.0068,    46.250
 31682.7, 5484.62, -100.07,  -17.42,    35.033,   80.0068,    46.250
 31684.4, 5488.76,  -99.66,  -17.98,    35.051,   80.0068,    46.250
 31686.1, 5488.36,  -99.92,  -17.28,    35.006,   80.0053,    46.250
 31687.7, 5482.55, -111.56,  -18.42,    34.951,   80.0053,    46.250
 31689.4, 5481.19, -100.98,  -17.87,    34.959,   80.0052,    46.250
 31691.1, 5480.78, -100.68,  -17.54,    34.982,   80.0048,    46.250
 31692.8, 5485.23, -104.39,  -16.93,    35.059,   80.0048,    46.250
 31694.6, 5478.51,  -94.94,  -16.91,    35.031,   80.0044,    46.250
 31696.4, 5472.60, -104.40,  -17.17,    34.987,   80.0030,    46.250
 31698.1, 5472.93, -106.57,  -17.25,    34.987,   80.0030,    46.250
 31699.9, 5473.83,  -91.07,  -17.25,    34.996,   80.0032,    46.250
 31701.6, 5478.80, -107.79,  -17.05,    35.023,   80.0034,    46.250
 31704.7, 5481.72,  -92.87,  -17.44,    34.998,   80.0035,    46.250
 31706.5, 5485.98, -110.37,  -17.25,    35.019,   80.0043,    46.250
 31708.1, 5486.32, -101.95,  -18.39,    34.986,   80.0043,    46.250
 31709.8, 5491.33,  -98.12,  -17.23,    35.015,   80.0043,    46.250
 31711.5, 5490.03,  -98.55,  -16.96,    34.978,   80.0043,    46.250
 31713.1, 5500.29, -103.38,  -17.15,    35.026,   80.0043,    46.250
 31714.8, 5502.89, -108.21,  -17.12,    35.029,   80.0042,    46.294
 31716.5, 5503.98,  -94.02,  -17.28,    35.026,   80.0035,    46.262
 31718.2, 5501.99,  -99.36,  -17.53,    34.981,   80.0035,    46.250
 31719.9, 5503.49,  -91.99,  -17.03,    34.975,   80.0040,    46.250
 31721.6, 5513.14, -105.57,  -17.41,    35.028,   80.0042,    46.250
 31723.3, 5506.66,  -97.07,  -16.76,    35.016,   80.0042,    46.250
 31725.0, 5514.33, -105.07,  -15.77,    35.030,   80.0037,    46.250
 31726.6, 5514.69, -104.31,  -17.25,    34.998,   80.0028,    46.250
 31728.2, 5512.69, -101.96,  -17.72,    34.958,   80.0028,    46.250
 31729.8, 5512.64,  -97.30,  -16.64,    34.957,   80.0037,    46.250
 31731.5, 5522.57, -107.27,  -17.25,    35.003,   80.0049,    46.250
 31733.3, 5527.50, -107.59,  -16.91,    35.072,   80.0049,    46.250
 31736.3, 5516.83,  -99.33,  -17.26,    35.010,   80.0045,    46.273
 31738.0, 5510.03, -101.22,  -17.49,    34.976,   80.0045,    46.250
 31739.8, 5500.59, -103.19,  -16.55,    34.961,   80.0041,    46.250
 31741.5, 5510.35,  -98.74,  -17.90,    35.003,   80.0038,    46.250
 31743.1, 5504.04,  -95.86,  -17.13,    35.022,   80.0038,    46.250
 31744.8, 5506.30, -100.94,  -17.02,    35.044,   80.0039,    46.250
 31746.5, 5501.62,  -99.05,  -18.06,    34.988,   80.0041,    46.250
 31748.2, 5494.00,  -91.15,  -16.87,    34.979,   80.0041,    46.250
 31749.8, 5493.41,  -96.47,  -18.23,    34.956,   80.0045,    46.250
 31751.5, 5485.70, -108.50,  -16.63,    34.988,   80.0050,    46.250
 31753.2, 5489.08, -103.64,  -17.60,    35.070,   80.0050,    46.250
 31754.8, 5473.33,  -92.56,  -17.40,    35.041,   80.0049,    46.250
 31756.5, 5452.73, -101.65,  -16.65,    35.010,   80.0049,    46.250
 31758.1, 5434.60,  -99.59,  -17.61,    34.951,   80.0049,    46.220
 31759.8, 5427.79, -101.98,  -17.03,    34.948,   80.0051,    46.242
 31761.5, 5438.75,  -94.17,  -17.76,    35.000,   80.0053,    46.250
 31763.2, 5450.58,  -88.46,  -17.42,    35.042,   80.0053,    46.250
 31764.9, 5455.99, -105.51,  -16.94,    35.033,   80.0048,    46.233
 31768.0, 5466.48, -101.97,  -17.98,    34.953,   80.0044,    46.250
 31769.6, 5475.87,  -98.82,  -17.06,    34.977,   80.0044,    46.250
 31771.3, 5489.50, -109.66,  -17.15,    35.027,   80.0042,    46.250
 31773.0, 5507.14,  -99.74,  -17.36,    35.058,   80.0041,    46.250
 31774.8, 5508.53,  -91.16,  -17.84,    34.994,   80.0048,    46.250
 31776.5, 5510.02, -100.73,  -17.40,    34.963,   80.0056,    46.250
 31778.2, 5519.52, -101.85,  -17.57,    34.977,   80.0056,    46.250
 31779.9, 5525.24, -103.48,  -17.23,    35.019,   80.0052,    46.250
 31781.6, 5529.32, -103.48,  -16.79,    35.045,   80.0047,    46.250
 31783.4, 5533.06, -101.37,  -17.32,    35.013,   80.0047,    46.250
 31785.2, 5527.32, -110.43,  -17.27,    34.963,   80.0033,    46.250
 31786.8, 5535.75,  -94.89,  -17.84,    34.972,   80.0029,    46.250
 31788.5, 5533.23, -104.78,  -16.79,    35.004,   80.0029,    46.250
 31790.1, 5545.33, -106.06,  -17.84,    35.023,   80.0046,    46.250
 31791.8, 5534.87, -105.55,  -16.96,    35.001,   80.0046,    46.267
