apply_cal+QC/WISPER_raw_data/WISPER_20160910_rawField.ict
40, 1001
David Noone
Oregon State University
Water Vapor Isotopic Analyzer (Picarro L2120i) - H2O concentration, D/H and 18O/16O isotope ratios (delta notation)
ORACLES
1, 1
2016, 09, 10, 2016, 09, 10
0
Start_UTC, seconds
6
1, 1, 1, 1, 1, 1
-9999, -9999, -9999, -9999, -9999, -9999
H2O_ppmv, ppmv
dD_permil, permil
d18O_permil, permil
pressure_cavity, torr
temp_cavity, degrees_celcius
temp_das, degrees_celcius
0
18
PI_CONTACT_INFO: Address: David Noone, CEOAS, Oregon State University, Corvallis OR 97331; email: nooned@oregonstate.edu
PLATFORM: NASA P3B (N426NA), sampling port side foward window from forward facing diffuser inlet
LOCATION: Aircraft location data decribed elsewhere
ASSOCIATED_DATA: see http://espoarchive.nasa.gov/archive/browse/oracles
INSTRUMENT_INFO: Water Vapor Isotopic Analyzer (Picarro L2120-i): cavity-ringdown tunable diode laser spectoscopy.
DATA_INFO: Units are ppmv for H2O and permil relative to SMOW for d18O and dD.
UNCERTAINTY: The absolute accuracy humidity dependent is in the range 1 % for H2O, 1 permil for dD and 0.5 permil for d18O.
ULOD_FLAG: -7777
ULOD_VALUE: N/A
LLOD_FLAG: -8888
LLOD_VALUE: N/A
DM_CONTACT_INFO: David Noone; Oregon State University; nooned@oregonstate.edu
PROJECT_INFO: ORACLES Mission August-October 2016; Southeast Atlantic/Walvis Bay, Namibia
STIPULATIONS_ON_USE: Until made public, only the ORACLES science team is allowed to use this data, per the ORACLES data protocol.
OTHER_COMMENTS: Data is uncalibrated, uncheck and not useful for science at this level
REVISION: RAW
RAW: Raw translation of Picarro output files to ICARTT format
Start_UTC, H2O_ppmv, dD_permil, d18O_permil, pressure_cavity, temp_cavity, temp_das
 23747.1,13985.37, -110.71,  -18.73,    35.022,   78.4283,    38.062
 23749.1,14227.04,  -97.12,  -20.65,    35.017,   78.4334,    38.080
[from data line 10203]
 43545.7,15619.33,  -87.39,  -16.73,    34.991,   80.0002,    44.562
 43547.5,15597.90,  -92.87,  -16.75,    34.981,   80.0002,    44.562
 43549.2,15602.04,  -90.63,  -17.43,    34.943,   80.0000,    44.562
 43550.8,15624.92,  -91.98,  -16.06,    35.030,   79.9988,    44.562
 43552.4,15607.29,  -92.05,  -16.15,    35.090,   79.9988,    44.562
 43554.1,15518.01,  -90.87,  -16.79,    35.017,   79.9989,    44.562
 43555.8,15452.26,  -91.82,  -16.50,    35.000,   79.9993,    44.562
 43557.5,15375.97,  -92.50,  -16.31,    34.991,   79.9993,    44.562
 43559.3,15313.81,  -91.18,  -17.36,    34.975,   79.9995,    44.562
 43561.0,15252.71,  -91.41,  -17.53,    34.931,   80.0006,    44.562
 43562.7,15234.20,  -90.68,  -16.86,    34.974,   80.0006,    44.562
 43564.4,15204.29,  -93.96,  -16.82,    34.996,   80.0008,    44.562
 43567.5,15173.95,  -92.33,  -16.80,    34.998,   80.0024,    44.562
 43569.2,15157.91,  -91.92,  -16.90,    35.014,   80.0027,    44.582
 43570.8,15160.34,  -97.48,  -16.77,    35.004,   80.0035,    44.616
 43572.5,15236.20,  -94.42,  -16.45,    35.027,   80.0035,    44.601
 43574.2,15334.89,  -91.41,  -16.47,    35.045,   80.0037,    44.562
 43575.9,15373.87,  -93.61,  -16.20,    35.053,   80.0052,    44.562
 43577.5,15342.92,  -95.72,  -16.58,    35.001,   80.0052,    44.562
 43579.3,15284.55,  -91.52,  -17.17,    34.963,   80.0051,    44.571
 43581.0,15269.08,  -95.12,  -16.62,    34.993,   80.0047,    44.625
 43582.6,15268.27,  -92.56,  -16.91,    34.981,   80.0047,    44.603
 43584.2,15286.00,  -92.38,  -16.83,    35.004,   80.0050,    44.585
 43585.9,15297.50,  -91.14,  -16.55,    35.001,   80.0056,    44.625
 43587.5,15275.92,  -93.75,  -16.72,    34.982,   80.0056,    44.614
 43589.2,15261.80,  -93.09,  -16.22,    34.995,   80.0057,    44.597
 43590.9,15238.36,  -92.64,  -17.11,    34.961,   80.0061,    44.625
 43592.6,15258.18,  -88.83,  -16.91,    34.987,   80.0061,    44.625
 43594.2,15303.06,  -92.33,  -17.44,    35.034,   80.0057,    44.625
 43595.9,15321.61,  -96.69,  -16.93,    35.015,   80.0052,    44.625
 43599.0,15322.30,  -91.45,  -16.39,    34.969,   80.0051,    44.611
 43600.8,15397.18,  -95.37,  -17.05,    35.011,   80.0043,    44.625
 43602.6,15493.57,  -94.36,  -17.05,    35.027,   80.0043,    44.625
 43604.3,15591.19,  -90.34,  -17.29,    34.994,   80.0038,    44.609
 43606.1,15662.57,  -92.04,  -16.53,    34.976,   80.0028,    44.625
 43607.9,15668.11,  -91.00,  -16.61,    34.968,   80.0028,    44.625
 43609.5,15624.88,  -91.18,  -16.30,    34.973,   80.0018,    44.625
 43611.2,15543.22,  -88.17,  -16.96,    34.986,   80.0012,    44.625
 43612.9,15470.18,  -91.03,  -16.86,    35.010,   80.0012,    44.625
 43614.7,15402.47,  -90.03,  -16.47,    34.985,   80.0010,    44.625
 43616.4,15372.47,  -91.95,  -16.98,    34.995,   80.0005,    44.625
 43618.1,15335.15,  -94.46,  -16.66,    34.982,   80.0005,    44.625
 43619.8,15329.69,  -91.79,  -16.76,    34.995,   80.0006,    44.625
 43621.4,15354.74,  -93.52,  -16.98,    34.972,   80.0008,    44.625
 43623.2,15430.56,  -88.56,  -17.22,    34.989,   80.0008,    44.625
 43624.9,15492.33,  -94.39,  -16.85,    35.018,   80.0011,    44.625
 43626.6,15475.56,  -90.89,  -16.05,    35.011,   80.0012,    44.646
 43628.3,15441.71,  -90.31,  -17.03,    35.026,   80.0012,    44.625
 43631.4,15293.81,  -92.57,  -16.31,    35.001,   80.0033,    44.625
 43633.0,15228.13,  -90.63,  -16.59,    34.982,   80.0033,    44.625
 43634.7,15203.57,  -98.26,  -16.77,    35.011,   80.0040,    44.625
 43636.3,15174.86,  -89.76,  -16.48,    35.036,   80.0054,    44.664
 43637.9,15185.04,  -92.89,  -16.85,    35.035,   80.0054,    44.625
 43639.5,15179.56,  -95.15,  -16.98,    34.991,   80.0056,    44.658
 43641.2,15225.60,  -93.51,  -16.94,    34.996,   80.0062,    44.634
 43642.9,15295.12,  -89.43,  -16.56,    34.998,   80.0062,    44.679
 43644.6,15332.19,  -92.42,  -16.30,    34.994,   80.0057,    44.657
 43646.3,15362.12,  -91.12,  -16.75,    34.981,   80.0051,    44.665
 43648.0,15395.56,  -93.49,  -16.47,    35.018,   80.0051,    44.625
 43649.8,15408.57,  -92.79,  -16.52,    34.991,   80.0049,    44.660
 43651.6,15432.88,  -94.73,  -16.74,    34.969,   80.0048,    44.633
 43653.3,15450.41,  -92.75,  -16.76,    34.978,   80.0048,    44.670
 43655.0,15470.57,  -92.98,  -16.39,    35.001,   80.0032,    44.688
 43656.8,15486.34,  -90.64,  -17.27,    35.006,   80.0023,    44.671
 43658.6,15510.84,  -91.47,  -16.71,    35.003,   80.0023,    44.674
 43660.4,15516.49,  -93.26,  -16.35,    34.988,   80.0013,    44.688
 43663.6,15581.18,  -91.12,  -17.44,    34.978,   80.0008,    44.658
 43665.3,15613.69,  -89.97,  -16.46,    34.983,   79.9994,    44.634
 43667.0,15644.43,  -90.50,  -16.55,    34.998,   79.9986,    44.677
 43668.7,15650.46,  -92.75,  -16.59,    35.027,   79.9986,    44.625
 43670.4,15627.47,  -93.68,  -16.71,    35.027,   79.9995,    44.671
 43672.1,15600.72,  -90.31,  -17.38,    35.011,   79.9998,    44.688
 43673.8,15587.02,  -96.08,  -17.31,    34.971,   79.9999,    44.688
 43675.5,15605.39,  -90.50,  -16.49,    34.979,   80.0003,    44.688
 43677.2,15662.23,  -92.15,  -16.59,    35.027,   80.0003,    44.688
 43678.8,15679.85,  -95.67,  -16.85,    34.994,   80.0003,    44.688
 43680.5,15711.18,  -88.83,  -16.08,    35.012,   79.9996,    44.688
 43682.2,15740.61,  -92.31,  -16.42,    35.030,   79.9993,    44.688
 43683.9,15751.29,  -89.00,  -16.39,    35.026,   79.9993,    44.688
 43685.6,15761.86,  -93.73,  -16.22,    34.992,   80.0014,    44.688
 43687.4,15784.51,  -89.27,  -16.69,    34.974,   80.0019,    44.688
 43689.0,15817.88,  -95.31,  -16.30,    35.036,   80.0018,    44.688
 43690.7,15797.07,  -88.99,  -16.42,    35.028,   80.0010,    44.688
 43692.3,15783.14,  -92.88,  -16.56,    35.001,   80.0010,    44.688
 43695.3,15749.57,  -95.16,  -16.24,    35.000,   80.0013,    44.688
 43696.9,15743.22,  -89.90,  -16.94,    34.985,   80.0014,    44.688
 43698.5,15736.71,  -89.83,  -16.61,    35.008,   80.0014,    44.688
 43700.2,15721.05,  -92.31,  -16.05,    34.996,   80.0020,    44.688
 43701.9,15711.59,  -88.66,  -16.78,    35.005,   80.0023,    44.733
 43703.6,15702.98,  -94.76,  -16.71,    34.984,   80.0023,    44.750
 43705.3,15711.43,  -90.45,  -16.43,    34.981,   80.0026,    44.715
 43707.0,15741.66,  -94.81,  -16.18,    35.034,   80.0027,    44.703
 43708.6,15741.12,  -88.69,  -16.97,    34.988,   80.0027,    44.705
 43710.2,15785.42,  -90.44,  -16.79,    35.013,   80.0023,    44.688
 43711.9,15802.53,  -88.56,  -16.78,    34.992,   80.0023,    44.726
 43713.5,15836.25,  -91.40,  -16.81,    35.020,   80.0023,    44.731
 43715.2,15838.07,  -90.59,  -17.08,    34.947,   80.0025,    44.732
 43716.9,15887.64,  -89.22,  -16.71,    35.001,   80.0025,    44.750
 43718.6,15919.87,  -94.90,  -16.62,    35.005,   80.0025,    44.750
 43720.4,15930.23,  -91.46,  -16.03,    34.996,   80.0024,    44.750
 43722.1,15971.09,  -90.85,  -16.49,    35.017,   80.0024,    44.750
 43723.8,15973.54,  -89.16,  -16.89,    34.983,   80.0024,    44.750
 43726.9,15980.25,  -89.39,  -16.58,    34.982,   80.0020,    44.750
 43728.5,15962.68,  -88.36,  -16.77,    34.951,   80.0020,    44.750
 43730.2,15970.55,  -94.15,  -16.27,    35.018,   80.0020,    44.750
 43731.9,15956.25,  -89.11,  -16.34,    35.017,   80.0020,    44.750
 43733.6,15918.36,  -90.63,  -16.62,    34.974,   80.0020,    44.750
 43735.2,15927.22,  -94.64,  -16.28,    35.029,   80.0022,    44.750
 43736.9,15901.36,  -91.28,  -16.19,    35.014,   80.0022,    44.750
 43738.6,15885.96,  -92.30,  -16.79,    34.988,   80.0022,    44.750
 43740.3,15880.36,  -91.46,  -16.35,    35.004,   80.0023,    44.750
 43742.1,15880.32,  -91.59,  -16.31,    35.011,   80.0024,    44.750
 43743.9,15878.91,  -90.35,  -16.52,    34.989,   80.0024,    44.750
 43745.6,15880.84,  -88.70,  -16.49,    35.016,   80.0025,    44.750
 43747.2,15867.31,  -93.90,  -16.80,    34.993,   80.0025,    44.750
 43748.9,15847.33,  -87.87,  -16.28,    34.973,   80.0025,    44.750
 43750.5,15848.37,  -88.77,  -16.50,    34.998,   80.0021,    44.750
 43752.1,15835.57,  -87.47,  -16.32,    35.001,   80.0019,    44.750
 43753.7,15840.38,  -88.42,  -16.71,    35.000,   80.0020,    44.750
 43755.5,15835.40,  -91.41,  -16.87,    34.985,   80.0034,    44.750
 43758.5,15878.64,  -89.68,  -16.73,    34.970,   80.0034,    44.730
 43760.2,15908.21,  -90.37,  -15.77,    35.003,   80.0041,    44.750
 43761.9,15919.73,  -89.98,  -15.98,    34.992,   80.0043,    44.750
 43763.6,15940.49,  -88.62,  -16.74,    35.025,   80.0043,    44.750
 43765.3,15923.70,  -95.24,  -16.03,    35.018,   80.0040,    44.750
 43766.9,15916.51,  -90.47,  -16.56,    34.989,   80.0039,    44.750
 43768.7,15925.41,  -88.27,  -15.86,    35.014,   80.0039,    44.750
 43770.4,15913.81,  -89.05,  -16.39,    34.979,   80.0030,    44.750
 43772.1,15943.51,  -91.57,  -16.26,    35.020,   80.0028,    44.750
 43773.8,15969.74,  -90.24,  -16.95,    35.006,   80.0028,    44.750
 43775.5,15981.01,  -92.07,  -16.11,    35.002,   80.0034,    44.750
 43777.2,15996.55,  -93.08,  -16.96,    34.975,   80.0035,    44.750
 43778.9,16017.47,  -88.13,  -16.25,    34.986,   80.0035,    44.750
 43780.6,16054.72,  -90.93,  -16.70,    35.000,   80.0022,    44.768
 43782.3,16071.00,  -87.54,  -16.38,    34.991,   80.0021,    44.750
 43784.1,16091.06,  -91.19,  -16.18,    35.020,   80.0021,    44.750
 43785.8,16086.22,  -89.13,  -16.34,    35.002,   80.0027,    44.750
 43787.4,16082.17,  -89.79,  -16.49,    35.001,   80.0027,    44.750
 43790.4,16041.88,  -91.56,  -16.84,    34.987,   80.0017,    44.760
 43792.1,16022.28,  -92.28,  -16.85,    34.976,   80.0014,    44.761
 43793.7,16013.32,  -89.34,  -15.73,    35.015,   80.0014,    44.750
 43795.4,15992.85,  -88.00,  -17.13,    34.988,   79.9998,    44.786
 43797.0,15964.46,  -90.39,  -16.32,    34.992,   79.9998,    44.761
 43798.7,15929.87,  -90.97,  -16.89,    34.974,   79.9998,    44.795
 43800.5,15916.00,  -85.85,  -15.68,    34.991,   80.0008,    44.753
 43802.2,15892.32,  -91.71,  -16.74,    34.988,   80.0008,    44.812
 43803.8,15857.51,  -87.07,  -16.27,    35.016,   80.0008,    44.802
 43805.5,15830.10,  -89.77,  -16.45,    35.018,   80.0009,    44.786
 43807.3,15783.63,  -86.80,  -16.38,    35.017,   80.0009,    44.812
 43809.0,15736.33,  -89.48,  -17.01,    34.998,   80.0009,    44.812
 43810.6,15687.19,  -88.34,  -16.33,    34.998,   80.0012,    44.812
 43812.3,15643.38,  -90.90,  -16.48,    34.984,   80.0012,    44.812
 43814.1,15617.41,  -93.73,  -16.36,    35.030,   80.0012,    44.812
 43815.8,15584.72,  -92.01,  -16.63,    35.001,   80.0020,    44.812
 43817.5,15568.44,  -89.83,  -15.93,    35.013,   80.0021,    44.812
 43819.1,15552.76,  -91.30,  -16.86,    35.004,   80.0020,    44.812
 43822.2,15516.84,  -91.22,  -17.03,    34.981,   80.0019,    44.812
 43823.9,15517.85,  -93.22,  -16.17,    35.006,   80.0019,    44.827
 43825.5,15518.30,  -93.08,  -16.62,    34.992,   80.0023,    44.819
 43827.2,15520.72,  -98.19,  -16.91,    34.986,   80.0024,    44.818
 43828.9,15541.50,  -91.54,  -16.49,    34.997,   80.0024,    44.867
 43830.5,15570.12,  -93.63,  -16.26,    35.006,   80.0029,    44.812
 43832.3,15613.05,  -93.20,  -16.73,    35.012,   80.0030,    44.812
 43834.0,15652.67,  -96.34,  -16.34,    35.023,   80.0030,    44.823
 43835.7,15665.19,  -90.34,  -16.73,    34.990,   80.0029,    44.822
 43837.4,15664.27,  -92.06,  -16.40,    34.997,   80.0028,    44.819
 43839.2,15679.83,  -91.83,  -16.57,    35.009,   80.0027,    44.841
 43840.9,15675.32,  -94.14,  -16.51,    35.026,   80.0026,    44.833
 43842.6,15686.10,  -91.19,  -16.82,    35.008,   80.0026,    44.857
 43844.3,15693.59,  -94.60,  -16.27,    34.974,   80.0025,    44.824
 43846.0,15739.89,  -90.78,  -16.58,    34.993,   80.0021,    44.812
 43847.7,15772.71,  -92.95,  -16.91,    35.023,   80.0021,    44.813
 43849.5,15806.25,  -87.68,  -16.67,    34.993,   80.0020,    44.812
 43851.2,15834.10,  -92.88,  -16.31,    34.967,   80.0018,    44.812
 43854.3,15908.00,  -88.29,  -16.47,    34.968,   80.0018,    44.812
 43855.9,15985.26,  -89.91,  -16.59,    35.019,   80.0016,    44.837
 43857.6,16038.01,  -92.36,  -16.44,    35.021,   80.0016,    44.875
 43859.3,16063.86,  -89.64,  -16.71,    34.999,   80.0009,    44.843
 43861.0,16076.02,  -90.50,  -16.33,    34.977,   79.9995,    44.839
 43862.8,16123.38,  -92.17,  -16.09,    34.994,   79.9995,    44.858
 43864.4,16138.42,  -90.03,  -16.41,    34.996,   79.9997,    44.875
 43866.1,16163.15,  -90.93,  -16.49,    35.033,   80.0003,    44.875
 43867.8,16166.71,  -91.02,  -16.95,    34.997,   80.0003,    44.875
 43869.6,16165.26,  -91.24,  -16.47,    34.994,   80.0004,    44.875
 43871.4,16187.10,  -87.83,  -16.61,    35.004,   80.0006,    44.887
 43873.1,16180.97,  -87.70,  -16.82,    34.982,   80.0006,    44.899
 43874.8,16198.72,  -89.40,  -16.36,    35.016,   80.0008,    44.875
 43876.5,16210.53,  -89.34,  -16.44,    35.039,   80.0008,    44.875
 43878.2,16203.18,  -87.53,  -16.34,    35.016,   80.0008,    44.875
 43880.0,16195.95,  -91.31,  -16.05,    34.991,   80.0009,    44.875
 43881.7,16207.18,  -84.53,  -15.95,    35.004,   80.0010,    44.875
 43883.4,16197.99,  -93.44,  -17.07,    35.015,   80.0010,    44.860
 43886.5,16191.40,  -90.07,  -16.70,    35.007,   80.0017,    44.875
 43888.2,16185.42,  -92.92,  -15.93,    35.006,   80.0017,    44.875
 43890.1,16175.98,  -89.73,  -16.50,    34.996,   80.0014,    44.875
 43891.8,16172.72,  -91.81,  -16.71,    34.997,   80.0012,    44.875
 43893.5,16159.62,  -95.41,  -16.21,    35.020,   80.0012,    44.875
 43895.2,16136.83,  -88.29,  -16.50,    34.976,   80.0011,    44.875
 43896.9,16120.27,  -89.50,  -16.11,    34.968,   80.0010,    44.875
 43898.6,16095.90,  -89.46,  -16.28,    34.999,   80.0010,    44.875
 43900.4,16085.42,  -88.93,  -15.88,    35.008,   79.9999,    44.875
 43902.1,16040.92,  -90.14,  -15.95,    35.012,   79.9993,    44.875
 43903.9,16005.07,  -90.54,  -16.70,    34.988,   79.9993,    44.875
 43905.7,15975.76,  -88.37,  -16.34,    34.981,   79.9991,    44.875
 43907.5,15949.21,  -89.89,  -16.72,    34.974,   79.9991,    44.875
 43909.4,15934.15,  -87.66,  -16.28,    35.002,   79.9994,    44.875
 43911.1,15905.46,  -88.99,  -16.32,    34.996,   79.9998,    44.875
 43912.8,15894.53,  -90.63,  -16.58,    35.029,   79.9998,    44.875
 43914.4,15867.32,  -90.43,  -16.54,    35.024,   79.9993,    44.875
 43916.2,15825.05,  -91.36,  -16.80,    34.993,   79.9985,    44.875
 43919.4,15789.57,  -87.29,  -16.61,    34.973,   79.9988,    44.875
 43921.0,15787.95,  -94.21,  -16.81,    34.998,   80.0000,    44.875
 43922.6,15781.75,  -91.28,  -16.26,    35.003,   80.0000,    44.875
 43924.3,15798.20,  -90.95,  -16.68,    35.014,   79.9999,    44.875
 43925.9,15821.90,  -90.15,  -16.40,    35.003,   79.9993,    44.875
 43927.5,15863.56,  -92.06,  -16.56,    35.002,   79.9993,    44.875
 43929.2,15900.89,  -86.36,  -17.01,    34.990,   79.9993,    44.875
 43930.8,15932.49,  -91.35,  -16.87,    34.994,   79.9984,    44.875
 43932.5,15961.96,  -91.47,  -16.08,    34.994,   79.9984,    44.875
 43934.1,15980.89,  -88.11,  -16.56,    35.037,   79.9984,    44.875
 43935.8,15956.10,  -89.34,  -16.52,    34.989,   79.9976,    44.875
 43937.5,15945.56,  -90.13,  -16.65,    34.980,   79.9976,    44.875
 43939.2,15926.39,  -92.33,  -16.04,    34.984,   79.9975,    44.897
 43940.9,15921.26,  -89.60,  -16.46,    35.017,   79.9962,    44.890
 43942.5,15903.10,  -93.69,  -16.78,    34.989,   79.9962,    44.875
 43944.2,15901.87,  -88.15,  -16.28,    35.025,   79.9960,    44.875
 43945.8,15882.37,  -87.15,  -17.15,    34.990,   79.9959,    44.875
 43947.4,15877.23,  -93.36,  -16.78,    35.012,   79.9959,    44.875
 43950.5,15826.31,  -92.63,  -16.77,    34.977,   79.9951,    44.892
 43952.2,15820.28,  -91.86,  -16.40,    35.015,   79.9951,    44.875
 43953.8,15792.80,  -93.18,  -16.83,    35.006,   79.9951,    44.875
