apply_cal+QC/WISPER_raw_data/WISPER_20160914_rawField.ict
40, 1001
David Noone
Oregon State University
Water Vapor Isotopic Analyzer (Picarro L2120i) - H2O concentration, D/H and 18O/16O isotope ratios (delta notation)
ORACLES
1, 1
2016, 09, 14, 2016, 09, 14
0
Start_UTC, seconds
6
1, 1, 1, 1, 1, 1
-9999, -9999, -9999, -9999, -9999, -9999
H2O_ppmv, ppmv
dD_permil, permil
d18O_permil, permil
pressure_cavity, torr
temp_cavity, degrees_celcius
temp_das, degrees_celcius
0
18
PI_CONTACT_INFO: Address: David Noone, CEOAS, Oregon State University, Corvallis OR 97331; email: nooned@oregonstate.edu
PLATFORM: NASA P3B (N426NA), sampling port side foward window from forward facing diffuser inlet
LOCATION: Aircraft location data decribed elsewhere
ASSOCIATED_DATA: see http://espoarchive.nasa.gov/archive/browse/oracles
INSTRUMENT_INFO: Water Vapor Isotopic Analyzer (Picarro L2120-i): cavity-ringdown tunable diode laser spectoscopy.
DATA_INFO: Units are ppmv for H2O and permil relative to SMOW for d18O and dD.
UNCERTAINTY: The absolute accuracy humidity dependent is in the range 1 % for H2O, 1 permil for dD and 0.5 permil for d18O.
ULOD_FLAG: -7777
ULOD_VALUE: N/A
LLOD_FLAG: -8888
LLOD_VALUE: N/A
DM_CONTACT_INFO: David Noone; Oregon State University; nooned@oregonstate.edu
PROJECT_INFO: ORACLES Mission August-October 2016; Southeast Atlantic/Walvis Bay, Namibia
STIPULATIONS_ON_USE: Until made public, only the ORACLES science team is allowed to use this data, per the ORACLES data protocol.
OTHER_COMMENTS: Data is uncalibrated, uncheck and not useful for science at this level
REVISION: RAW
RAW: Raw translation of Picarro output files to ICARTT format
Start_UTC, H2O_ppmv, dD_permil, d18O_permil, pressure_cavity, temp_cavity, temp_das
 24094.3,13188.47, -130.14,   13.35,    35.001,   78.4842,    40.734
 24096.4,13262.40,  -25.99,   -9.12,    35.010,   78.5246,    40.750
[from data line 8812]
 39526.5,15309.33,  -92.81,  -15.57,    34.982,   79.9991,    48.188
 39528.1,15297.76,  -95.91,  -16.05,    35.007,   79.9991,    48.186
 39529.7,15282.52,  -89.18,  -15.96,    35.025,   79.9990,    48.168
 39531.3,15257.02,  -91.21,  -15.55,    35.012,   79.9988,    48.167
 39533.0,15224.28,  -94.81,  -15.87,    34.962,   79.9988,    48.188
 39534.7,15216.84,  -89.30,  -16.88,    34.948,   79.9987,    48.188
 39537.7,15221.39,  -90.97,  -16.07,    35.022,   79.9986,    48.188
 39539.3,15219.58,  -92.81,  -15.64,    35.030,   79.9987,    48.188
 39540.9,15197.90,  -88.95,  -15.75,    35.009,   79.9994,    48.188
 39542.6,15206.29,  -93.06,  -16.29,    35.012,   79.9994,    48.188
 39544.3,15205.28,  -90.81,  -15.72,    35.016,   79.9995,    48.188
 39546.0,15199.56,  -91.17,  -16.10,    34.963,   79.9997,    48.188
 39547.7,15214.45,  -92.92,  -16.60,    34.960,   79.9997,    48.188
 39549.4,15221.65,  -94.64,  -16.05,    34.972,   80.0001,    48.188
 39551.0,15227.53,  -90.66,  -15.93,    35.004,   80.0012,    48.188
 39552.7,15253.12,  -89.49,  -15.25,    35.054,   80.0012,    48.188
 39554.3,15267.09,  -96.63,  -15.84,    35.070,   80.0012,    48.183
 39556.0,15257.71,  -89.73,  -15.78,    35.023,   80.0008,    48.141
 39557.8,15258.30,  -88.60,  -16.00,    34.993,   80.0008,    48.131
 39559.5,15286.87,  -88.33,  -16.20,    34.977,   80.0008,    48.188
 39561.1,15327.34,  -91.93,  -15.90,    34.976,   80.0012,    48.188
 39562.8,15363.63,  -91.17,  -15.93,    34.992,   80.0012,    48.188
 39564.4,15374.83,  -90.08,  -16.69,    34.984,   80.0009,    48.167
 39566.1,15404.16,  -88.49,  -15.77,    35.020,   80.0003,    48.125
 39569.2,15425.75,  -89.09,  -16.30,    34.971,   80.0003,    48.145
 39570.9,15457.62,  -90.60,  -16.56,    34.986,   80.0008,    48.143
 39572.5,15447.48,  -89.55,  -15.27,    34.993,   80.0008,    48.125
 39574.2,15438.68,  -88.87,  -15.90,    34.985,   80.0011,    48.176
 39575.8,15432.13,  -90.49,  -15.75,    35.009,   80.0020,    48.188
 39577.5,15422.87,  -94.52,  -15.85,    35.054,   80.0020,    48.188
 39579.1,15403.95,  -90.60,  -15.51,    35.023,   80.0020,    48.188
 39580.8,15407.07,  -87.78,  -16.50,    34.980,   80.0015,    48.188
 39582.5,15418.13,  -89.63,  -15.42,    34.998,   80.0015,    48.188
 39584.2,15428.42,  -91.51,  -15.98,    34.995,   80.0015,    48.188
 39585.9,15438.47,  -96.83,  -15.98,    34.975,   80.0004,    48.188
 39587.5,15463.36,  -89.65,  -16.14,    35.013,   80.0004,    48.188
 39589.2,15459.43,  -90.23,  -15.80,    34.992,   80.0004,    48.166
 39590.9,15463.54,  -89.56,  -15.26,    35.001,   79.9993,    48.150
 39592.5,15461.68,  -90.81,  -16.83,    34.966,   79.9993,    48.143
 39594.2,15479.48,  -91.11,  -15.92,    35.008,   79.9992,    48.157
 39596.0,15486.58,  -89.46,  -16.16,    35.010,   79.9992,    48.188
 39597.7,15472.20,  -89.71,  -15.69,    34.996,   79.9992,    48.155
 39600.7,15476.64,  -90.20,  -16.23,    35.030,   79.9983,    48.149
 39602.4,15440.42,  -88.19,  -16.06,    34.973,   79.9983,    48.185
 39604.0,15435.01,  -90.17,  -16.26,    34.990,   79.9982,    48.141
 39605.7,15423.90,  -91.40,  -15.49,    34.985,   79.9967,    48.125
 39607.3,15432.93,  -92.48,  -15.65,    35.007,   79.9967,    48.125
 39609.0,15435.40,  -92.24,  -16.22,    35.013,   79.9967,    48.142
 39610.6,15441.04,  -92.11,  -15.85,    35.007,   79.9953,    48.129
 39612.4,15455.92,  -89.58,  -16.16,    34.999,   79.9952,    48.166
 39614.0,15475.43,  -92.07,  -15.58,    34.977,   79.9954,    48.181
 39615.7,15505.51,  -91.58,  -15.39,    34.984,   79.9972,    48.140
 39617.5,15509.52,  -89.33,  -15.53,    34.987,   79.9972,    48.170
 39619.2,15514.44,  -89.36,  -16.45,    34.992,   79.9974,    48.188
 39621.0,15533.37,  -90.39,  -15.51,    35.040,   79.9979,    48.165
 39622.7,15525.36,  -91.14,  -15.25,    35.019,   79.9979,    48.171
 39624.3,15523.04,  -90.10,  -16.04,    34.984,   79.9979,    48.171
 39626.0,15531.02,  -88.29,  -15.74,    34.988,   79.9979,    48.166
 39627.7,15540.57,  -90.91,  -15.08,    35.017,   79.9979,    48.164
 39629.3,15547.46,  -90.72,  -16.20,    35.001,   79.9982,    48.188
 39632.3,15556.44,  -89.81,  -15.57,    34.992,   79.9991,    48.188
 39633.9,15589.28,  -90.76,  -15.88,    35.018,   79.9991,    48.188
 39635.7,15603.67,  -88.70,  -15.83,    34.994,   79.9984,    48.188
 39637.4,15634.43,  -91.20,  -15.96,    34.998,   79.9983,    48.188
 39639.1,15652.09,  -91.32,  -15.93,    34.989,   79.9983,    48.188
 39640.8,15699.65,  -89.90,  -15.66,    35.033,   79.9988,    48.188
 39642.4,15721.42,  -89.71,  -15.74,    35.018,   79.9988,    48.188
 39644.0,15718.81,  -93.57,  -15.63,    34.991,   79.9988,    48.188
 39645.7,15715.88,  -92.32,  -16.07,    34.989,   80.0000,    48.188
 39647.4,15717.44,  -88.25,  -16.05,    35.007,   80.0004,    48.188
 39649.1,15681.77,  -90.59,  -15.74,    34.992,   80.0003,    48.188
 39650.7,15677.75,  -94.44,  -15.80,    35.013,   79.9992,    48.177
 39652.3,15639.22,  -89.05,  -15.48,    34.999,   79.9992,    48.176
 39653.9,15644.09,  -91.28,  -15.80,    35.015,   79.9992,    48.188
 39655.6,15624.01,  -93.16,  -15.82,    35.011,   80.0002,    48.188
 39657.3,15620.46,  -87.92,  -15.69,    34.997,   80.0003,    48.188
 39659.1,15620.40,  -90.68,  -15.81,    34.986,   80.0005,    48.153
 39660.8,15613.86,  -88.50,  -15.74,    34.975,   80.0011,    48.188
 39663.7,15655.11,  -90.51,  -15.44,    35.057,   80.0011,    48.188
 39665.4,15637.10,  -87.32,  -16.18,    34.983,   80.0004,    48.188
 39667.0,15649.77,  -88.57,  -15.78,    35.001,   80.0001,    48.188
 39668.6,15640.37,  -91.06,  -16.12,    34.991,   80.0001,    48.188
 39670.3,15646.97,  -90.13,  -16.34,    34.979,   80.0003,    48.188
 39672.1,15627.08,  -89.36,  -15.78,    34.987,   80.0003,    48.188
 39673.9,15647.22,  -90.28,  -15.67,    35.046,   80.0003,    48.188
 39675.5,15633.60,  -90.91,  -16.06,    35.013,   80.0014,    48.164
 39677.3,15633.95,  -88.81,  -15.80,    35.005,   80.0015,    48.142
 39679.0,15626.69,  -90.57,  -15.97,    34.976,   80.0014,    48.158
 39680.7,15634.35,  -87.40,  -15.79,    34.994,   80.0011,    48.153
 39682.5,15638.93,  -89.55,  -15.57,    35.014,   80.0011,    48.188
 39684.1,15640.66,  -93.49,  -16.37,    34.989,   80.0011,    48.188
 39685.7,15639.28,  -88.93,  -15.92,    35.016,   80.0006,    48.182
 39687.4,15624.89,  -88.05,  -15.32,    35.017,   80.0006,    48.161
 39689.1,15624.39,  -91.55,  -15.92,    35.008,   80.0001,    48.176
 39690.8,15608.80,  -92.15,  -15.52,    34.969,   79.9984,    48.187
 39692.5,15622.66,  -91.96,  -16.34,    34.983,   79.9984,    48.164
 39695.5,15597.48,  -87.21,  -15.44,    34.999,   79.9982,    48.125
 39697.2,15590.83,  -90.20,  -15.33,    35.019,   79.9982,    48.142
 39698.9,15569.34,  -90.13,  -16.23,    34.976,   79.9982,    48.125
 39700.6,15571.59,  -92.26,  -16.11,    35.007,   79.9984,    48.125
 39702.3,15565.53,  -89.30,  -15.76,    35.010,   79.9984,    48.143
 39704.0,15546.50,  -91.87,  -16.69,    34.977,   79.9983,    48.142
 39705.7,15554.00,  -92.55,  -15.92,    34.975,   79.9974,    48.125
 39707.4,15576.43,  -88.08,  -16.22,    35.007,   79.9974,    48.125
 39709.1,15608.97,  -91.26,  -15.56,    35.021,   79.9976,    48.125
 39710.7,15647.60,  -94.11,  -15.69,    35.030,   79.9981,    48.125
 39712.4,15645.03,  -86.67,  -15.54,    34.996,   79.9981,    48.125
 39714.1,15655.53,  -91.05,  -15.34,    35.007,   79.9981,    48.125
 39715.8,15655.44,  -88.41,  -15.59,    35.000,   79.9984,    48.125
 39717.5,15642.11,  -90.44,  -15.96,    34.999,   79.9984,    48.125
 39719.1,15631.75,  -91.66,  -16.19,    34.981,   79.9986,    48.125
 39720.7,15636.78,  -91.08,  -15.51,    34.999,   79.9994,    48.125
 39722.4,15630.56,  -91.57,  -15.34,    35.035,   79.9994,    48.125
 39724.0,15635.42,  -82.48,  -15.93,    35.034,   79.9994,    48.125
 39727.1,15588.18,  -90.36,  -15.62,    34.955,   79.9998,    48.125
 39728.7,15589.09,  -90.89,  -15.51,    34.996,   79.9998,    48.125
 39730.3,15570.85,  -87.12,  -16.21,    35.018,   80.0002,    48.125
 39732.1,15528.83,  -89.62,  -15.61,    34.993,   80.0004,    48.125
 39733.8,15502.18,  -91.58,  -16.19,    34.991,   80.0004,    48.125
 39735.5,15470.39,  -90.23,  -15.92,    35.008,   80.0005,    48.125
 39737.1,15446.69,  -92.33,  -15.43,    35.006,   80.0005,    48.125
 39738.9,15427.36,  -88.80,  -15.62,    35.007,   80.0005,    48.125
 39740.6,15395.42,  -91.86,  -15.70,    34.982,   79.9991,    48.125
 39742.3,15371.06,  -90.52,  -15.23,    35.004,   79.9990,    48.125
 39743.9,15336.16,  -88.60,  -16.08,    34.980,   79.9990,    48.125
 39745.6,15311.42,  -91.87,  -15.80,    35.011,   79.9991,    48.125
 39747.4,15286.43,  -86.91,  -15.84,    35.021,   79.9991,    48.125
 39749.1,15252.43,  -89.37,  -16.02,    35.000,   79.9993,    48.107
 39750.8,15235.44,  -90.95,  -16.20,    34.995,   79.9998,    48.125
 39752.5,15203.88,  -87.77,  -16.33,    34.964,   79.9998,    48.104
 39754.1,15198.33,  -92.20,  -15.74,    35.002,   79.9996,    48.125
 39755.8,15178.79,  -89.94,  -16.15,    34.994,   79.9992,    48.125
 39758.9,15164.06,  -92.36,  -16.20,    35.016,   79.9991,    48.125
 39760.7,15138.80,  -89.04,  -16.50,    34.977,   79.9981,    48.125
 39762.4,15159.89,  -91.69,  -16.27,    34.996,   79.9981,    48.125
 39764.1,15165.99,  -87.09,  -16.11,    35.002,   79.9979,    48.125
 39765.8,15176.34,  -86.45,  -15.73,    35.000,   79.9973,    48.125
 39767.4,15189.82,  -92.56,  -15.60,    34.987,   79.9973,    48.125
 39769.0,15215.67,  -92.42,  -16.08,    35.014,   79.9973,    48.125
 39770.6,15234.64,  -88.88,  -15.35,    35.013,   79.9967,    48.125
 39772.4,15261.86,  -89.23,  -15.51,    35.002,   79.9967,    48.125
 39774.1,15284.76,  -85.72,  -15.73,    34.972,   79.9967,    48.125
 39775.7,15316.59,  -86.33,  -15.99,    34.976,   79.9961,    48.125
 39777.5,15346.42,  -91.42,  -15.77,    35.002,   79.9961,    48.125
 39779.1,15359.22,  -84.83,  -15.55,    35.015,   79.9960,    48.125
 39780.8,15372.07,  -89.92,  -15.32,    35.017,   79.9955,    48.125
 39782.5,15375.90,  -92.53,  -16.08,    35.019,   79.9955,    48.125
 39784.1,15376.66,  -88.95,  -16.07,    34.984,   79.9959,    48.125
 39785.9,15387.40,  -91.30,  -16.33,    34.979,   79.9967,    48.125
 39787.6,15408.61,  -88.98,  -16.04,    34.993,   79.9967,    48.125
 39790.6,15405.42,  -89.70,  -15.87,    34.975,   79.9981,    48.125
 39792.2,15419.50,  -93.31,  -15.55,    35.024,   79.9981,    48.125
 39793.9,15408.93,  -87.05,  -15.76,    35.032,   79.9981,    48.125
 39795.6,15387.10,  -89.70,  -15.69,    35.002,   79.9971,    48.125
 39797.3,15371.76,  -92.25,  -15.79,    34.993,   79.9971,    48.125
 39799.0,15367.47,  -84.38,  -16.03,    34.984,   79.9971,    48.125
 39800.6,15363.50,  -86.11,  -15.35,    34.996,   79.9978,    48.125
 39802.3,15352.74,  -89.05,  -15.84,    34.992,   79.9979,    48.125
 39803.9,15366.19,  -93.00,  -15.87,    34.987,   79.9978,    48.125
 39805.6,15377.81,  -88.01,  -15.94,    35.033,   79.9975,    48.125
 39807.3,15372.86,  -90.91,  -15.58,    35.043,   79.9975,    48.125
 39809.0,15354.46,  -85.80,  -15.59,    34.995,   79.9977,    48.125
 39810.8,15352.94,  -92.29,  -16.11,    34.992,   79.9989,    48.125
 39812.4,15351.26,  -88.29,  -15.70,    35.001,   79.9989,    48.125
 39814.1,15332.33,  -88.60,  -15.71,    34.976,   79.9989,    48.125
 39815.9,15331.44,  -93.30,  -15.93,    34.984,   79.9981,    48.125
 39817.5,15326.37,  -83.90,  -15.26,    35.002,   79.9981,    48.125
 39819.1,15323.78,  -91.61,  -15.78,    35.006,   79.9982,    48.125
 39822.2,15329.13,  -87.58,  -15.64,    35.019,   79.9993,    48.125
 39823.9,15321.59,  -89.85,  -15.70,    34.989,   79.9993,    48.125
 39825.7,15336.03,  -86.49,  -15.95,    34.977,   79.9997,    48.125
 39827.4,15358.81,  -89.47,  -16.22,    35.005,   79.9997,    48.125
 39829.1,15372.18,  -92.59,  -15.80,    34.998,   79.9995,    48.125
 39830.9,15380.93,  -88.78,  -16.00,    35.003,   79.9987,    48.125
 39832.6,15383.31,  -93.41,  -15.23,    34.994,   79.9987,    48.125
 39834.3,15410.21,  -92.52,  -15.96,    35.024,   79.9985,    48.125
 39836.0,15422.75,  -90.10,  -15.87,    35.006,   79.9983,    48.125
 39837.7,15424.75,  -91.49,  -15.84,    34.988,   79.9983,    48.125
 39839.4,15447.70,  -94.27,  -15.96,    35.000,   79.9981,    48.125
 39841.0,15466.60,  -92.07,  -16.01,    34.989,   79.9975,    48.125
 39842.7,15494.29,  -83.75,  -15.49,    35.000,   79.9975,    48.125
 39844.5,15511.04,  -91.24,  -15.62,    35.000,   79.9971,    48.125
 39846.3,15559.30,  -90.90,  -15.99,    35.003,   79.9962,    48.125
 39847.9,15594.43,  -90.46,  -15.59,    35.034,   79.9962,    48.125
 39849.6,15602.01,  -91.29,  -15.86,    34.988,   79.9964,    48.125
 39851.3,15618.79,  -92.84,  -16.04,    34.961,   79.9967,    48.125
 39854.4,15652.10,  -87.81,  -14.75,    35.014,   79.9969,    48.125
 39856.2,15682.83,  -86.62,  -15.67,    35.030,   79.9972,    48.125
 39857.9,15695.40,  -88.74,  -16.12,    35.027,   79.9972,    48.125
 39859.7,15719.99,  -90.92,  -15.91,    35.001,   79.9981,    48.125
 39861.5,15716.18,  -88.98,  -15.21,    34.992,   79.9997,    48.125
 39863.2,15705.61,  -86.06,  -15.93,    34.953,   79.9997,    48.125
 39865.0,15723.09,  -88.56,  -16.15,    34.959,   79.9992,    48.132
 39866.6,15771.29,  -87.74,  -15.04,    35.056,   79.9990,    48.140
 39868.3,15786.37,  -86.44,  -15.66,    35.047,   79.9990,    48.125
 39870.1,15789.72,  -84.67,  -16.15,    35.017,   79.9987,    48.158
 39871.8,15773.17,  -87.78,  -16.03,    34.982,   79.9986,    48.125
 39873.5,15795.86,  -83.94,  -16.17,    34.994,   79.9986,    48.125
 39875.2,15801.31,  -92.44,  -15.89,    35.015,   80.0000,    48.125
 39876.9,15811.42,  -87.04,  -15.57,    35.018,   80.0009,    48.125
 39878.7,15801.46,  -89.98,  -15.98,    34.984,   80.0009,    48.090
 39880.4,15803.20,  -89.01,  -15.46,    35.002,   80.0017,    48.120
 39882.2,15794.86,  -88.12,  -15.69,    34.989,   80.0018,    48.125
 39883.9,15809.93,  -88.27,  -15.84,    35.005,   80.0018,    48.108
 39886.9,15820.08,  -90.09,  -15.86,    34.984,   80.0027,    48.101
 39888.6,15854.50,  -86.60,  -16.02,    35.024,   80.0027,    48.062
 39890.3,15867.19,  -89.30,  -15.69,    35.016,   80.0028,    48.117
 39892.0,15879.55,  -90.07,  -15.40,    35.003,   80.0028,    48.125
 39893.7,15898.33,  -89.32,  -15.80,    34.979,   80.0028,    48.125
 39895.3,15926.77,  -88.33,  -15.62,    34.973,   80.0026,    48.125
 39897.0,15994.55,  -88.48,  -15.56,    35.006,   80.0026,    48.125
 39898.7,16058.25,  -90.36,  -15.83,    35.003,   80.0026,    48.125
 39900.3,16114.78,  -85.02,  -15.44,    35.009,   80.0024,    48.125
 39902.0,16155.94,  -88.60,  -15.88,    34.989,   80.0024,    48.125
 39903.7,16177.25,  -89.94,  -15.41,    34.988,   80.0024,    48.125
 39905.3,16181.06,  -83.27,  -16.02,    34.972,   80.0025,    48.125
 39907.0,16164.52,  -88.20,  -15.78,    34.999,   80.0025,    48.125
 39908.6,16127.77,  -89.43,  -15.46,    34.986,   80.0025,    48.125
 39910.3,16101.50,  -86.72,  -15.45,    35.006,   80.0021,    48.125
 39911.9,16074.64,  -91.80,  -15.71,    35.008,   80.0020,    48.125
 39913.6,16063.29,  -87.41,  -15.64,    35.003,   80.0020,    48.125
 39915.2,16050.89,  -88.76,  -15.54,    35.004,   80.0020,    48.125
 39918.3,16066.77,  -91.06,  -15.85,    34.991,   80.0020,    48.125
 39920.0,16072.07,  -85.64,  -15.76,    35.005,   80.0029,    48.125
 39921.6,16066.59,  -90.01,  -15.73,    35.006,   80.0040,    48.125
 39923.2,16047.64,  -87.36,  -15.31,    35.011,   80.0040,    48.106
 39924.9,15984.25,  -87.16,  -15.33,    34.972,   80.0047,    48.122
 39926.6,15942.26,  -85.56,  -15.75,    34.979,   80.0051,    48.105
 39928.3,15907.43,  -84.76,  -14.95,    35.000,   80.0051,    48.125
 39930.1,15889.54,  -92.20,  -15.35,    35.035,   80.0051,    48.125
 39931.9,15842.87,  -90.54,  -15.52,    35.023,   80.0051,    48.106
