apply_cal+QC/WISPER_raw_data/WISPER_20160914_rawField.ict
40, 1001
David Noone
Oregon State University
Water Vapor Isotopic Analyzer (Picarro L2120i) - H2O concentration, D/H and 18O/16O isotope ratios (delta notation)
ORACLES
1, 1
2016, 09, 14, 2016, 09, 14
0
Start_UTC, seconds
6
1, 1, 1, 1, 1, 1
-9999, -9999, -9999, -9999, -9999, -9999
H2O_ppmv, ppmv
dD_permil, permil
d18O_permil, permil
pressure_cavity, torr
temp_cavity, degrees_celcius
temp_das, degrees_celcius
0
18
PI_CONTACT_INFO: Address: David Noone, CEOAS, Oregon State University, Corvallis OR 97331; email: nooned@oregonstate.edu
PLATFORM: NASA P3B (N426NA), sampling port side foward window from forward facing diffuser inlet
LOCATION: Aircraft location data decribed elsewhere
ASSOCIATED_DATA: see http://espoarchive.nasa.gov/archive/browse/oracles
INSTRUMENT_INFO: Water Vapor Isotopic Analyzer (Picarro L2120-i): cavity-ringdown tunable diode laser spectoscopy.
DATA_INFO: Units are ppmv for H2O and permil relative to SMOW for d18O and dD.
UNCERTAINTY: The absolute accuracy humidity dependent is in the range 1 % for H2O, 1 permil for dD and 0.5 permil for d18O.
ULOD_FLAG: -7777
ULOD_VALUE: N/A
LLOD_FLAG: -8888
LLOD_VALUE: N/A
DM_CONTACT_INFO: David Noone; Oregon State University; nooned@oregonstate.edu
PROJECT_INFO: ORACLES Mission August-October 2016; Southeast Atlantic/Walvis Bay, Namibia
STIPULATIONS_ON_USE: Until made public, only the ORACLES science team is allowed to use this data, per the ORACLES data protocol.
OTHER_COMMENTS: Data is uncalibrated, uncheck and not useful for science at this level
REVISION: RAW
RAW: Raw translation of Picarro output files to ICARTT format
Start_UTC, H2O_ppmv, dD_permil, d18O_permil, pressure_cavity, temp_cavity, temp_das
 24094.3,13188.47, -130.14,   13.35,    35.001,   78.4842,    40.734
 24096.4,13262.40,  -25.99,   -9.12,    35.010,   78.5246,    40.750
[from data line 12522]
 46093.8,16018.78,  -87.80,  -15.82,    34.992,   79.9969,    48.938
 46095.4,16017.02,  -85.95,  -15.73,    34.980,   79.9965,    48.938
 46097.1,16024.24,  -86.30,  -16.13,    34.997,   79.9965,    48.938
 46098.7,16042.93,  -87.29,  -15.85,    35.006,   79.9965,    48.938
 46101.8,16046.33,  -91.10,  -15.21,    35.022,   79.9957,    48.916
 46103.6,16032.21,  -88.73,  -16.04,    34.960,   79.9957,    48.938
 46105.3,16061.33,  -88.33,  -15.68,    34.995,   79.9951,    48.938
 46107.0,16056.79,  -86.98,  -15.51,    35.008,   79.9949,    48.938
 46108.7,16053.96,  -87.33,  -15.62,    34.992,   79.9949,    48.947
 46110.4,16055.83,  -87.20,  -15.63,    35.007,   79.9941,    48.972
 46112.1,16049.49,  -89.55,  -15.67,    35.010,   79.9939,    48.938
 46113.7,16043.53,  -88.96,  -15.82,    34.995,   79.9939,    48.938
 46115.5,16051.23,  -87.03,  -15.89,    35.013,   79.9947,    48.938
 46117.2,16051.65,  -87.81,  -16.11,    34.980,   79.9948,    48.938
 46118.9,16065.45,  -88.93,  -15.57,    35.000,   79.9950,    48.938
 46120.6,16062.89,  -88.98,  -15.32,    34.988,   79.9958,    48.938
 46122.2,16073.04,  -88.16,  -16.03,    34.981,   79.9958,    48.938
 46123.9,16096.35,  -89.94,  -15.25,    35.022,   79.9958,    48.917
 46125.7,16096.39,  -88.58,  -15.54,    35.016,   79.9971,    48.938
 46127.4,16101.76,  -88.14,  -15.53,    35.042,   79.9972,    48.938
 46129.1,16080.54,  -89.55,  -15.39,    34.988,   79.9979,    48.938
 46130.9,16094.17,  -87.25,  -15.65,    34.982,   79.9993,    48.938
 46134.0,16072.84,  -83.71,  -15.18,    35.007,   79.9993,    48.938
 46135.7,16060.64,  -91.17,  -15.56,    34.987,   80.0003,    48.938
 46137.3,16047.35,  -88.59,  -15.81,    35.023,   80.0003,    48.938
 46139.0,16026.85,  -87.20,  -15.64,    35.027,   80.0003,    48.975
 46140.6,15994.49,  -89.22,  -15.28,    34.994,   80.0011,    48.958
 46142.4,15981.92,  -85.60,  -15.21,    35.001,   80.0013,    48.960
 46144.1,15955.05,  -86.40,  -15.67,    34.993,   80.0015,    48.971
 46145.9,15941.43,  -85.48,  -15.26,    35.012,   80.0026,    48.959
 46147.6,15923.91,  -84.99,  -15.63,    34.979,   80.0026,    48.961
 46149.3,15913.65,  -92.17,  -16.10,    34.973,   80.0029,    48.971
 46150.9,15926.83,  -90.04,  -15.95,    35.025,   80.0032,    48.938
 46152.6,15916.48,  -86.19,  -14.90,    35.023,   80.0032,    48.938
 46154.4,15903.17,  -89.01,  -15.18,    35.006,   80.0031,    48.953
 46156.1,15904.40,  -90.55,  -15.51,    34.971,   80.0028,    48.983
 46157.9,15917.19,  -87.77,  -15.14,    34.994,   80.0028,    48.962
 46159.8,15925.91,  -91.17,  -15.78,    34.985,   80.0028,    49.000
 46161.5,15949.91,  -88.17,  -15.57,    34.996,   80.0028,    49.000
 46163.2,15972.04,  -90.68,  -15.46,    35.026,   80.0028,    49.000
 46166.2,15993.81,  -85.80,  -14.85,    35.019,   80.0014,    48.938
 46167.9,15987.14,  -82.97,  -15.69,    34.976,   80.0014,    48.938
 46169.6,15992.71,  -88.16,  -15.28,    34.996,   80.0010,    48.938
 46171.3,15989.52,  -86.78,  -15.65,    34.974,   80.0006,    48.938
 46173.0,15995.63,  -86.35,  -16.21,    34.991,   80.0006,    48.938
 46174.7,15991.17,  -88.97,  -15.89,    35.017,   80.0005,    48.938
 46176.4,15992.44,  -89.02,  -15.91,    35.012,   80.0002,    48.938
 46178.2,15987.50,  -92.30,  -16.14,    35.008,   80.0002,    48.938
 46180.0,15989.16,  -87.72,  -15.07,    35.000,   80.0005,    48.938
 46181.7,15979.00,  -88.56,  -15.48,    34.978,   80.0007,    48.938
 46183.3,15979.35,  -87.16,  -15.74,    34.990,   80.0007,    48.938
 46185.0,15978.68,  -92.00,  -15.75,    34.979,   80.0004,    48.938
 46186.7,15989.17,  -88.70,  -15.58,    35.049,   80.0003,    48.938
 46188.3,15958.41,  -85.02,  -15.67,    35.002,   80.0003,    48.938
 46190.1,15955.47,  -89.14,  -15.32,    35.007,   80.0016,    48.938
 46191.8,15933.20,  -87.51,  -16.29,    35.000,   80.0022,    48.938
 46193.6,15911.60,  -89.02,  -15.28,    34.979,   80.0022,    48.938
 46195.2,15912.73,  -89.69,  -14.92,    35.012,   80.0029,    48.938
 46198.2,15892.09,  -88.58,  -15.39,    34.994,   80.0033,    48.938
 46199.9,15912.56,  -88.79,  -15.19,    35.012,   80.0042,    48.938
 46201.5,15916.88,  -90.33,  -15.66,    35.019,   80.0048,    48.938
 46203.3,15936.12,  -85.27,  -16.08,    35.019,   80.0048,    48.938
 46204.9,15926.42,  -88.70,  -15.10,    35.012,   80.0056,    48.901
 46206.6,15923.82,  -92.04,  -15.41,    35.008,   80.0062,    48.938
 46208.3,15924.60,  -85.68,  -15.20,    34.991,   80.0062,    48.938
 46209.9,15923.52,  -91.48,  -15.86,    35.003,   80.0063,    48.938
 46211.6,15916.69,  -89.00,  -15.57,    34.992,   80.0063,    48.938
 46213.2,15899.77,  -89.59,  -15.66,    34.983,   80.0063,    48.938
 46214.8,15909.58,  -86.17,  -15.51,    35.010,   80.0059,    48.938
 46216.5,15926.76,  -91.25,  -15.53,    35.009,   80.0057,    48.938
 46218.2,15930.11,  -85.43,  -15.11,    35.039,   80.0057,    48.938
 46219.9,15929.35,  -86.41,  -15.90,    34.982,   80.0051,    48.938
 46221.6,15953.21,  -87.26,  -15.39,    34.973,   80.0044,    48.938
 46223.3,15974.11,  -87.38,  -16.12,    35.005,   80.0044,    48.938
 46225.0,15977.82,  -88.33,  -16.06,    34.986,   80.0036,    48.938
 46226.9,16003.76,  -93.99,  -14.69,    34.990,   80.0033,    48.938
 46230.0,16022.01,  -86.89,  -15.54,    35.019,   80.0027,    48.938
 46231.8,16021.58,  -90.86,  -15.27,    34.979,   80.0024,    48.938
 46233.6,16022.08,  -90.72,  -15.30,    34.986,   80.0024,    48.938
 46235.3,16027.50,  -88.54,  -16.24,    34.963,   80.0022,    48.938
 46236.9,16051.11,  -88.96,  -15.59,    35.012,   80.0021,    48.938
 46238.6,16050.77,  -91.90,  -15.41,    35.016,   80.0021,    48.938
 46240.3,16083.21,  -85.73,  -15.98,    35.025,   80.0027,    48.938
 46242.0,16071.88,  -90.11,  -15.49,    35.019,   80.0029,    48.938
 46243.7,16072.17,  -86.68,  -15.61,    34.971,   80.0029,    48.938
 46245.4,16096.01,  -88.03,  -15.73,    35.000,   80.0038,    48.938
 46247.1,16104.75,  -90.60,  -15.37,    35.021,   80.0040,    48.938
 46248.7,16099.54,  -89.09,  -16.30,    34.994,   80.0039,    48.938
 46250.4,16107.15,  -90.18,  -15.61,    35.005,   80.0032,    48.938
 46252.1,16102.29,  -87.52,  -15.63,    35.004,   80.0032,    48.951
 46253.7,16126.58,  -90.78,  -15.25,    35.025,   80.0032,    48.938
 46255.4,16132.85,  -86.90,  -15.46,    35.005,   80.0044,    48.938
 46257.1,16129.20,  -85.85,  -15.94,    34.985,   80.0044,    48.938
 46258.8,16133.67,  -87.57,  -15.46,    34.975,   80.0044,    48.938
 46261.9,16134.92,  -86.24,  -16.30,    35.001,   80.0062,    48.938
 46263.7,16145.29,  -88.08,  -15.47,    35.004,   80.0062,    48.938
 46265.4,16158.29,  -89.81,  -15.42,    35.013,   80.0071,    48.938
 46267.1,16148.05,  -88.95,  -15.42,    35.012,   80.0075,    48.938
 46268.8,16177.15,  -86.10,  -15.38,    35.031,   80.0075,    48.938
 46270.5,16148.71,  -85.07,  -16.24,    34.938,   80.0073,    48.938
 46272.1,16171.92,  -87.78,  -15.71,    34.988,   80.0073,    48.938
 46273.8,16193.75,  -86.08,  -15.63,    35.033,   80.0073,    48.938
 46275.5,16198.83,  -87.26,  -15.77,    35.016,   80.0066,    48.938
 46277.2,16205.28,  -86.71,  -15.43,    35.016,   80.0066,    48.938
 46278.9,16192.36,  -88.55,  -15.58,    34.993,   80.0066,    48.938
 46280.7,16198.79,  -90.32,  -15.42,    34.986,   80.0067,    48.938
 46282.3,16211.53,  -87.76,  -15.14,    35.006,   80.0067,    48.938
 46284.0,16192.91,  -84.71,  -15.62,    34.974,   80.0067,    48.938
 46285.7,16201.91,  -86.38,  -15.81,    34.987,   80.0046,    48.938
 46287.4,16209.81,  -87.37,  -15.64,    35.017,   80.0043,    48.938
 46289.1,16208.93,  -92.02,  -16.28,    35.025,   80.0041,    48.938
 46290.8,16202.40,  -86.05,  -15.50,    35.006,   80.0029,    48.938
 46293.8,16193.41,  -87.22,  -15.82,    34.980,   80.0029,    48.918
 46295.5,16198.14,  -88.17,  -16.07,    34.992,   80.0025,    48.938
 46297.2,16190.53,  -83.30,  -16.28,    34.998,   80.0024,    48.938
 46299.0,16194.90,  -87.29,  -16.12,    35.000,   80.0025,    48.938
 46300.8,16189.80,  -85.65,  -15.42,    34.999,   80.0028,    48.938
 46302.5,16190.20,  -88.83,  -15.97,    35.001,   80.0028,    48.938
 46304.2,16201.56,  -92.77,  -15.01,    35.038,   80.0029,    48.938
 46306.0,16176.39,  -86.54,  -15.86,    34.974,   80.0031,    48.938
 46307.8,16184.86,  -89.48,  -15.55,    34.997,   80.0031,    48.938
 46309.5,16181.93,  -89.58,  -15.29,    35.020,   80.0027,    48.938
 46311.1,16180.13,  -89.00,  -16.23,    35.001,   80.0024,    48.939
 46312.8,16181.12,  -87.75,  -15.60,    35.009,   80.0024,    48.983
 46314.5,16171.74,  -85.83,  -15.44,    35.009,   80.0024,    48.988
 46316.2,16159.52,  -90.04,  -15.85,    34.970,   80.0023,    48.938
 46317.9,16142.68,  -87.46,  -15.22,    34.992,   80.0023,    48.938
 46319.7,16145.73,  -86.71,  -15.78,    34.989,   80.0027,    48.938
 46321.4,16145.28,  -84.75,  -15.29,    35.006,   80.0031,    48.973
 46323.1,16159.00,  -89.13,  -15.76,    35.014,   80.0031,    48.980
 46326.2,16176.52,  -90.23,  -16.06,    34.973,   80.0024,    49.000
 46327.9,16214.93,  -87.78,  -15.59,    35.013,   80.0024,    49.000
 46329.6,16211.97,  -87.98,  -15.70,    34.980,   80.0026,    49.000
 46331.3,16237.69,  -88.85,  -15.55,    35.002,   80.0030,    49.000
 46333.0,16245.20,  -88.14,  -16.05,    34.974,   80.0030,    49.000
 46334.7,16277.62,  -88.34,  -15.42,    35.004,   80.0025,    48.993
 46336.4,16307.42,  -90.61,  -15.39,    35.011,   80.0018,    48.954
 46338.1,16330.45,  -87.18,  -16.06,    35.022,   80.0018,    48.959
 46339.8,16333.35,  -90.97,  -15.66,    35.000,   80.0017,    48.960
 46341.5,16328.94,  -89.25,  -15.82,    34.968,   80.0016,    48.959
 46343.3,16340.70,  -91.72,  -15.25,    34.969,   80.0016,    48.938
 46345.0,16362.24,  -91.43,  -15.41,    35.006,   80.0014,    48.938
 46346.7,16362.69,  -89.03,  -15.51,    35.015,   80.0013,    48.938
 46348.4,16354.56,  -87.23,  -15.37,    35.013,   80.0013,    48.938
 46350.2,16344.82,  -87.42,  -15.49,    34.999,   79.9999,    48.941
 46352.0,16323.51,  -89.04,  -15.72,    34.988,   79.9991,    48.955
 46353.7,16321.79,  -83.66,  -15.31,    34.999,   79.9991,    48.938
 46355.4,16301.53,  -87.15,  -15.40,    34.982,   80.0009,    48.938
 46358.5,16284.82,  -90.07,  -15.95,    35.002,   80.0010,    48.938
 46360.2,16268.76,  -88.22,  -15.61,    35.027,   80.0002,    48.938
 46361.9,16237.36,  -89.83,  -15.58,    35.004,   79.9997,    48.953
 46363.7,16217.23,  -88.67,  -15.63,    34.976,   79.9997,    48.938
 46365.5,16215.68,  -86.14,  -15.86,    35.004,   79.9993,    48.938
 46367.2,16186.07,  -87.72,  -15.61,    34.983,   79.9992,    48.954
 46369.0,16177.86,  -89.90,  -14.97,    35.007,   79.9992,    48.938
 46370.7,16158.89,  -88.85,  -15.83,    35.002,   79.9988,    48.940
 46372.5,16140.67,  -91.40,  -15.53,    35.001,   79.9987,    48.957
 46374.1,16136.65,  -86.08,  -16.31,    34.989,   79.9986,    48.938
 46375.8,16122.83,  -91.63,  -16.26,    34.973,   79.9981,    48.938
 46377.4,16106.83,  -84.64,  -15.87,    34.986,   79.9981,    48.938
 46379.1,16103.11,  -87.34,  -15.85,    34.983,   79.9981,    48.959
 46380.7,16101.90,  -85.32,  -15.84,    35.020,   79.9971,    48.996
 46382.4,16091.25,  -91.05,  -15.69,    35.015,   79.9971,    48.938
 46384.1,16074.20,  -89.57,  -15.75,    34.999,   79.9968,    48.938
 46385.8,16060.12,  -87.49,  -16.19,    34.970,   79.9961,    48.938
 46387.5,16060.26,  -84.75,  -15.36,    34.986,   79.9961,    48.977
 46390.6,16056.99,  -85.72,  -15.78,    35.009,   79.9966,    48.938
 46392.4,16064.70,  -85.92,  -15.71,    35.004,   79.9966,    48.938
 46394.2,16065.62,  -90.29,  -15.42,    34.999,   79.9967,    48.938
 46395.8,16043.97,  -88.41,  -15.61,    34.980,   79.9975,    48.938
 46397.5,16030.30,  -89.41,  -14.95,    34.997,   79.9975,    48.938
 46399.2,16001.04,  -89.15,  -15.61,    34.994,   79.9975,    48.938
 46400.9,15978.33,  -89.65,  -15.45,    35.009,   79.9984,    48.938
 46402.6,15964.86,  -91.87,  -15.97,    35.009,   79.9984,    48.938
 46404.3,15955.83,  -87.55,  -15.98,    35.008,   79.9988,    48.938
 46406.0,15948.11,  -87.61,  -15.13,    35.012,   79.9998,    48.938
 46407.8,15959.90,  -85.66,  -15.46,    35.043,   79.9998,    48.938
 46409.6,15945.09,  -88.18,  -15.53,    34.993,   80.0002,    48.938
 46411.3,15944.42,  -85.15,  -15.94,    34.969,   80.0009,    48.938
 46413.1,15954.91,  -88.90,  -15.55,    35.005,   80.0009,    48.938
 46414.8,15950.73,  -90.96,  -15.77,    34.987,   80.0013,    48.938
 46416.5,15989.82,  -88.97,  -15.80,    35.053,   80.0015,    48.938
 46418.2,15972.40,  -92.07,  -16.24,    35.006,   80.0015,    48.928
 46419.9,15959.05,  -91.23,  -15.44,    35.021,   80.0019,    48.909
 46423.0,15933.14,  -85.80,  -15.79,    34.977,   80.0023,    48.938
 46424.7,15951.87,  -90.41,  -15.67,    34.997,   80.0025,    48.938
 46426.4,15930.68,  -88.12,  -15.69,    34.978,   80.0027,    48.938
 46428.1,15932.04,  -84.06,  -15.54,    35.015,   80.0027,    48.938
 46429.9,15939.14,  -86.05,  -15.50,    35.035,   80.0025,    48.938
 46431.7,15934.67,  -87.94,  -15.42,    35.041,   80.0024,    48.938
 46433.4,15896.51,  -87.12,  -16.12,    34.966,   80.0024,    48.938
 46435.2,15881.72,  -87.88,  -15.54,    34.988,   80.0033,    48.938
 46436.9,15877.25,  -87.88,  -15.33,    35.021,   80.0038,    48.938
 46438.5,15877.00,  -87.02,  -15.61,    35.028,   80.0038,    48.921
 46440.2,15864.30,  -92.40,  -16.07,    35.016,   80.0024,    48.875
 46441.8,15859.12,  -90.42,  -16.04,    35.028,   80.0015,    48.936
 46443.5,15864.16,  -88.50,  -15.40,    35.018,   80.0015,    48.938
 46445.2,15860.39,  -85.63,  -16.08,    34.992,   80.0002,    48.938
 46446.8,15855.00,  -88.01,  -15.93,    34.954,   79.9998,    48.938
 46448.5,15861.52,  -85.17,  -15.54,    34.980,   79.9998,    48.938
 46450.2,15873.66,  -85.30,  -15.59,    34.973,   79.9989,    48.898
 46451.8,15907.86,  -90.59,  -15.51,    35.029,   79.9984,    48.888
 46454.9,15914.29,  -88.75,  -15.80,    35.011,   79.9984,    48.906
 46456.6,15928.84,  -86.82,  -15.73,    35.021,   79.9985,    48.875
 46458.3,15932.48,  -87.44,  -15.62,    35.021,   79.9985,    48.875
 46459.9,15943.17,  -90.83,  -15.72,    34.980,   79.9996,    48.892
 46461.6,15948.76,  -86.52,  -16.16,    34.950,   80.0002,    48.875
 46463.3,15978.18,  -94.27,  -16.07,    34.969,   80.0002,    48.875
 46464.9,16031.04,  -87.17,  -16.08,    35.028,   79.9992,    48.875
 46466.6,16061.32,  -89.47,  -16.10,    35.098,   79.9984,    48.875
 46468.3,16032.23,  -86.75,  -15.56,    34.996,   79.9984,    48.875
 46470.1,16044.37,  -86.47,  -15.69,    34.959,   79.9994,    48.875
 46471.9,16055.99,  -87.61,  -15.85,    34.992,   80.0001,    48.875
 46473.6,16064.40,  -89.40,  -15.12,    35.010,   80.0001,    48.875
 46475.3,16085.11,  -86.73,  -15.41,    35.020,   80.0011,    48.875
 46476.9,16095.57,  -90.00,  -15.98,    35.022,   80.0013,    48.911
 46478.7,16104.81,  -88.07,  -15.62,    35.005,   80.0013,    48.922
 46480.4,16101.83,  -91.33,  -15.44,    34.980,   80.0026,    48.909
 46482.1,16053.19,  -85.47,  -15.58,    34.971,   80.0031,    48.917
 46483.7,15930.00,  -92.61,  -16.03,    34.983,   80.0031,    48.915
 46486.7,15267.59,  -87.28,  -14.85,    35.009,   80.0017,    48.875
 46488.3,14667.24,  -89.06,  -16.00,    35.035,   80.0017,    48.875
 46490.0,13830.07,  -84.97,  -14.30,    35.002,   80.0016,    48.875
 46491.7,12947.80,  -78.34,  -17.41,    34.951,   80.0015,    48.875
 46493.4,12112.87,  -86.46,  -17.79,    34.991,   80.0015,    48.875
 46495.0,11133.83,  -83.27,  -14.96,    35.012,   80.0021,    48.875
 46496.6, 9987.74,  -75.56,  -16.35,    35.036,   80.0025,    48.875
 46498.3, 8791.85,  -73.29,  -18.27,    34.995,   80.0025,    48.875
 46500.0, 7742.79,  -71.01,  -17.95,    35.006,   80.0021,    48.875
 46501.6, 6851.99,  -67.72,  -10.75,    34.992,   80.0017,    48.875
 46503.5, 6041.07,  -73.91,  -20.13,    34.989,   80.0017,    48.875
