WISPER_raw_data/WISPER_20160930_rawField.ict
40, 1001
David Noone
Oregon State University
Water Vapor Isotopic Analyzer (Picarro L2120i) - H2O concentration, D/H and 18O/16O isotope ratios (delta notation)
ORACLES
1, 1
2016, 09, 30, 2016, 09, 30
0
Start_UTC, seconds
6
1, 1, 1, 1, 1, 1
-9999, -9999, -9999, -9999, -9999, -9999
H2O_ppmv, ppmv
dD_permil, permil
d18O_permil, permil
pressure_cavity, torr
temp_cavity, degrees_celcius
temp_das, degrees_celcius
0
18
PI_CONTACT_INFO: Address: David Noone, CEOAS, Oregon State University, Corvallis OR 97331; email: nooned@oregonstate.edu
PLATFORM: NASA P3B (N426NA), sampling port side foward window from forward facing diffuser inlet
LOCATION: Aircraft location data decribed elsewhere
ASSOCIATED_DATA: see http://espoarchive.nasa.gov/archive/browse/oracles
INSTRUMENT_INFO: Water Vapor Isotopic Analyzer (Picarro L2120-i): cavity-ringdown tunable diode laser spectoscopy.
DATA_INFO: Units are ppmv for H2O and permil relative to SMOW for d18O and dD.
UNCERTAINTY: The absolute accuracy humidity dependent is in the range 1 % for H2O, 1 permil for dD and 0.5 permil for d18O.
ULOD_FLAG: -7777
ULOD_VALUE: N/A
LLOD_FLAG: -8888
LLOD_VALUE: N/A
DM_CONTACT_INFO: David Noone; Oregon State University; nooned@oregonstate.edu
PROJECT_INFO: ORACLES Mission August-October 2016; Southeast Atlantic/Walvis Bay, Namibia
STIPULATIONS_ON_USE: Until made public, only the ORACLES science team is allowed to use this data, per the ORACLES data protocol.
OTHER_COMMENTS: Data is uncalibrated, uncheck and not useful for science at this level
REVISION: RAW
RAW: Raw translation of Picarro output files to ICARTT format
Start_UTC, H2O_ppmv, dD_permil, d18O_permil, pressure_cavity, temp_cavity, temp_das
 36136.3,31122.79,  -37.25,  -16.17,    35.048,   78.3955,    37.812
 36138.4,31009.95,  -17.89,  -17.09,    34.973,   78.4029,    37.812
[from data line 5798]
 46287.6,  496.59, -361.57,  -51.37,    34.996,   79.9998,    42.688
 46289.2,  512.15, -383.10,  -45.81,    34.994,   79.9997,    42.688
 46291.0,  530.28, -324.46,  -46.99,    34.993,   79.9988,    42.688
 46292.7,  554.97, -410.58,  -54.95,    35.013,   79.9988,    42.688
 46294.3,  578.18, -277.15,  -55.25,    34.981,   79.9985,    42.688
 46296.0,  599.59, -401.65,  -42.76,    34.996,   79.9978,    42.688
 46297.6,  640.97, -343.43,  -50.44,    34.990,   79.9978,    42.688
 46299.2,  702.72, -306.82,  -59.51,    34.986,   79.9978,    42.688
 46300.8,  769.49, -321.84,  -49.52,    35.011,   79.9968,    42.688
 46302.4,  856.45, -327.52,  -50.47,    35.016,   79.9968,    42.688
 46304.1,  961.96, -350.55,  -46.24,    35.008,   79.9970,    42.688
 46305.8, 1083.90, -331.15,  -53.27,    34.992,   79.9978,    42.688
 46307.4, 1188.50, -351.39,  -49.26,    34.989,   79.9978,    42.688
 46309.0, 1265.28, -349.41,  -45.29,    35.000,   79.9978,    42.688
 46312.0, 1311.28, -317.26,  -47.82,    34.998,   79.9979,    42.688
 46313.7, 1287.42, -329.47,  -44.68,    35.016,   79.9979,    42.688
 46315.4, 1252.70, -306.83,  -42.56,    35.011,   79.9984,    42.688
 46317.0, 1228.47, -312.35,  -45.09,    35.028,   79.9987,    42.688
 46318.7, 1207.65, -350.50,  -44.67,    35.020,   79.9987,    42.688
 46320.4, 1209.13, -337.49,  -44.63,    34.993,   79.9990,    42.688
 46322.1, 1248.51, -359.15,  -39.27,    34.992,   79.9991,    42.688
 46323.8, 1333.87, -305.67,  -41.60,    34.993,   79.9991,    42.688
 46325.5, 1438.62, -296.13,  -41.24,    35.015,   80.0015,    42.688
 46327.2, 1535.03, -348.64,  -40.50,    34.988,   80.0017,    42.688
 46328.8, 1594.74, -274.34,  -41.29,    34.992,   80.0017,    42.688
 46330.5, 1607.38, -352.70,  -38.12,    35.006,   80.0020,    42.688
 46332.2, 1595.72, -292.45,  -39.57,    34.985,   80.0021,    42.688
 46333.9, 1565.54, -286.50,  -39.47,    35.007,   80.0021,    42.688
 46335.5, 1523.43, -313.63,  -37.86,    34.999,   80.0035,    42.688
 46337.2, 1484.19, -296.68,  -40.13,    34.992,   80.0036,    42.688
 46339.0, 1458.98, -249.81,  -42.25,    35.013,   80.0036,    42.688
 46340.7, 1458.69, -296.73,  -38.51,    34.993,   80.0036,    42.688
 46343.8, 1573.13, -341.34,  -38.07,    34.998,   80.0036,    42.688
 46345.4, 1680.22, -296.73,  -40.67,    35.018,   80.0037,    42.688
 46347.0, 1798.55, -283.32,  -38.17,    34.987,   80.0037,    42.688
 46348.7, 1915.95, -303.65,  -34.35,    34.994,   80.0037,    42.688
 46350.4, 2028.06, -267.35,  -35.41,    35.009,   80.0027,    42.688
 46352.2, 2110.11, -293.72,  -36.73,    35.013,   80.0024,    42.688
 46353.9, 2148.48, -295.34,  -37.27,    35.006,   80.0024,    42.688
 46355.6, 2151.23, -287.28,  -38.96,    34.988,   80.0022,    42.688
 46357.2, 2120.51, -241.93,  -37.95,    35.021,   80.0022,    42.688
 46358.9, 2064.50, -300.46,  -33.90,    34.993,   80.0022,    42.688
 46360.5, 2023.55, -266.04,  -37.55,    34.999,   80.0021,    42.688
 46362.1, 1986.43, -269.73,  -38.66,    35.000,   80.0020,    42.688
 46363.8, 1943.23, -265.32,  -37.04,    35.019,   80.0020,    42.688
 46365.5, 1897.24, -263.15,  -35.15,    35.002,   80.0012,    42.688
 46367.2, 1843.17, -273.67,  -34.31,    34.985,   80.0012,    42.688
 46368.9, 1784.83, -291.63,  -37.26,    35.002,   80.0012,    42.688
 46370.6, 1716.00, -276.72,  -38.91,    34.979,   80.0012,    42.688
 46372.2, 1637.44, -290.26,  -36.94,    35.004,   80.0012,    42.688
 46375.3, 1498.20, -277.57,  -39.46,    34.996,   80.0001,    42.688
 46376.9, 1420.88, -291.94,  -37.08,    34.981,   79.9998,    42.688
 46378.7, 1355.41, -233.70,  -36.09,    35.005,   79.9998,    42.688
 46380.4, 1304.28, -238.15,  -37.00,    34.986,   80.0001,    42.688
 46382.1, 1284.82, -222.38,  -39.20,    34.994,   80.0001,    42.688
 46383.8, 1296.35, -279.60,  -37.85,    35.024,   80.0002,    42.688
 46385.5, 1337.56, -266.06,  -38.52,    35.006,   80.0010,    42.688
 46387.2, 1402.70, -261.35,  -35.11,    34.991,   80.0010,    42.688
 46388.8, 1485.26, -268.02,  -36.79,    34.997,   80.0010,    42.688
 46390.6, 1567.60, -315.97,  -36.05,    35.005,   80.0032,    42.688
 46392.3, 1642.48, -279.35,  -39.85,    35.004,   80.0035,    42.688
 46393.9, 1691.30, -303.55,  -41.63,    34.995,   80.0035,    42.688
 46395.6, 1719.05, -254.60,  -38.31,    35.007,   80.0033,    42.688
 46397.4, 1728.59, -280.65,  -36.17,    35.024,   80.0033,    42.688
 46399.1, 1725.20, -264.37,  -38.06,    34.998,   80.0034,    42.688
 46400.7, 1706.11, -270.36,  -38.48,    35.016,   80.0042,    42.688
 46402.4, 1671.13, -265.06,  -37.62,    34.987,   80.0042,    42.688
 46404.1, 1618.03, -263.70,  -35.78,    34.986,   80.0042,    42.688
 46407.2, 1512.55, -248.41,  -39.78,    35.048,   80.0050,    42.688
 46408.8, 1444.02, -283.41,  -40.14,    35.005,   80.0050,    42.688
 46410.5, 1375.77, -279.77,  -40.81,    34.983,   80.0059,    42.688
 46412.2, 1302.58, -273.72,  -34.13,    35.027,   80.0062,    42.688
 46414.0, 1234.52, -282.26,  -34.43,    35.019,   80.0062,    42.688
 46415.7, 1177.33, -260.17,  -37.90,    34.995,   80.0062,    42.688
 46417.4, 1125.64, -273.93,  -36.17,    34.962,   80.0062,    42.688
 46419.0, 1089.42, -240.54,  -40.60,    34.973,   80.0062,    42.688
 46420.7, 1051.10, -321.25,  -40.33,    35.003,   80.0055,    42.688
 46422.5, 1015.01, -210.74,  -37.45,    35.033,   80.0054,    42.688
 46424.3,  987.26, -269.16,  -37.07,    34.982,   80.0052,    42.688
 46426.2,  973.59, -278.84,  -37.48,    34.992,   80.0047,    42.688
 46427.9,  966.28, -241.71,  -35.67,    35.018,   80.0047,    42.688
 46429.6,  975.26, -322.24,  -38.77,    34.990,   80.0039,    42.688
 46431.3,  996.46, -242.18,  -42.12,    34.983,   80.0024,    42.688
 46432.8, 1026.37, -333.58,  -41.08,    35.019,   80.0024,    42.688
 46434.5, 1066.99, -210.50,  -39.02,    34.978,   80.0024,    42.688
 46436.1, 1111.18, -283.40,  -36.06,    35.007,   80.0018,    42.688
 46439.1, 1200.59, -288.36,  -40.37,    34.987,   80.0018,    42.688
 46440.8, 1216.32, -317.01,  -37.50,    34.996,   80.0012,    42.688
 46442.6, 1219.34, -293.54,  -39.13,    35.012,   80.0012,    42.688
 46444.4, 1204.26, -288.15,  -37.85,    35.008,   80.0003,    42.688
 46446.1, 1185.48, -265.41,  -38.23,    35.033,   79.9998,    42.688
 46447.8, 1167.38, -313.59,  -41.35,    34.996,   79.9998,    42.688
 46449.5, 1150.67, -281.50,  -40.29,    34.994,   80.0000,    42.688
 46451.2, 1135.89, -260.46,  -38.13,    34.984,   80.0004,    42.688
 46452.8, 1128.41, -283.53,  -38.62,    34.998,   80.0004,    42.688
 46454.5, 1118.68, -275.42,  -40.48,    34.983,   80.0002,    42.688
 46456.1, 1108.49, -237.55,  -40.03,    34.987,   80.0000,    42.688
 46457.7, 1092.79, -281.33,  -41.40,    34.998,   80.0000,    42.688
 46459.4, 1065.58, -271.59,  -39.37,    35.002,   80.0001,    42.688
 46461.0, 1027.79, -262.72,  -36.51,    34.988,   80.0003,    42.688
 46462.7,  986.76, -260.89,  -36.95,    34.980,   80.0003,    42.688
 46464.3,  942.86, -230.88,  -40.62,    35.018,   80.0003,    42.688
 46466.1,  886.69, -301.12,  -39.89,    35.012,   80.0003,    42.688
 46467.8,  830.20, -252.91,  -37.29,    35.001,   80.0003,    42.688
 46470.8,  750.07, -310.41,  -42.00,    34.977,   80.0011,    42.666
 46472.3,  712.78, -346.92,  -41.86,    34.980,   80.0011,    42.687
 46474.0,  679.20, -224.65,  -46.60,    35.026,   80.0013,    42.646
 46475.7,  643.44, -243.87,  -41.69,    35.005,   80.0027,    42.672
 46477.5,  609.81, -247.16,  -33.97,    35.012,   80.0027,    42.664
 46479.2,  584.15, -322.93,  -35.27,    35.001,   80.0024,    42.676
 46480.9,  572.10, -243.57,  -43.05,    35.025,   80.0011,    42.688
 46482.6,  558.45, -278.85,  -39.84,    34.981,   80.0011,    42.666
 46484.2,  552.78, -181.16,  -38.88,    34.994,   80.0010,    42.653
 46485.9,  547.33, -117.74,  -35.90,    35.003,   80.0007,    42.648
 46487.6,  551.62, -243.46,  -39.28,    35.006,   80.0007,    42.649
 46489.2,  557.44, -333.96,  -41.31,    35.000,   80.0006,    42.661
 46490.9,  568.68, -271.07,  -41.57,    35.002,   79.9999,    42.639
 46492.6,  577.13, -304.97,  -37.70,    35.005,   79.9999,    42.675
 46494.3,  593.01, -286.29,  -35.12,    35.007,   79.9993,    42.663
 46495.9,  622.61, -262.04,  -40.05,    34.974,   79.9978,    42.650
 46497.6,  663.13, -305.15,  -42.14,    34.978,   79.9978,    42.688
 46499.3,  717.61, -283.49,  -42.13,    34.993,   79.9977,    42.688
 46502.4,  825.26, -258.15,  -37.46,    34.981,   79.9976,    42.667
 46504.1,  885.66, -341.41,  -41.57,    34.986,   79.9976,    42.650
 46505.7,  940.86, -266.53,  -47.58,    35.015,   79.9976,    42.688
 46507.4,  977.70, -275.31,  -41.61,    35.013,   79.9976,    42.669
 46509.1, 1009.59, -265.43,  -41.91,    34.992,   79.9975,    42.666
 46510.8, 1031.44, -274.36,  -41.84,    34.987,   79.9967,    42.632
 46512.4, 1042.01, -254.51,  -42.99,    35.015,   79.9967,    42.688
 46514.0, 1040.00, -287.25,  -44.60,    35.005,   79.9968,    42.641
 46515.7, 1022.40, -284.71,  -41.34,    34.997,   79.9977,    42.625
 46517.5,  990.83, -343.10,  -40.41,    34.991,   79.9977,    42.625
 46519.2,  956.13, -313.05,  -42.04,    35.017,   79.9978,    42.625
 46520.8,  925.20, -270.22,  -46.72,    34.993,   79.9984,    42.625
 46522.6,  884.17, -276.98,  -42.00,    35.006,   79.9984,    42.625
 46524.4,  846.03, -312.72,  -38.26,    35.007,   79.9984,    42.663
 46526.0,  817.31, -310.87,  -40.70,    35.011,   79.9986,    42.648
 46527.6,  790.99, -260.75,  -46.58,    34.993,   79.9986,    42.649
 46529.3,  753.49, -338.90,  -39.00,    34.997,   79.9994,    42.644
 46531.0,  726.10, -263.13,  -39.98,    35.010,   80.0004,    42.625
 46534.1,  689.44, -298.56,  -43.40,    34.981,   80.0004,    42.672
 46535.8,  671.61, -367.71,  -37.94,    34.996,   79.9999,    42.625
 46537.4,  665.70, -253.68,  -43.41,    35.008,   79.9998,    42.627
 46539.1,  658.46, -354.53,  -44.54,    35.002,   79.9997,    42.645
 46540.7,  653.01, -199.53,  -44.76,    34.992,   79.9987,    42.625
 46542.5,  642.33, -408.67,  -35.74,    35.002,   79.9987,    42.625
 46544.2,  648.17, -278.60,  -43.34,    34.993,   79.9987,    42.666
 46545.9,  664.52, -334.86,  -49.29,    35.020,   79.9991,    42.642
 46547.6,  680.14, -237.37,  -40.13,    34.993,   79.9991,    42.625
 46549.3,  706.36, -242.18,  -41.63,    35.023,   79.9985,    42.625
 46551.0,  742.72, -233.38,  -45.97,    35.012,   79.9974,    42.625
 46552.6,  775.47, -280.97,  -46.10,    35.008,   79.9974,    42.625
 46554.3,  808.38, -271.96,  -46.59,    34.999,   79.9974,    42.625
 46556.0,  829.09, -360.38,  -39.01,    34.978,   79.9975,    42.625
 46557.6,  855.57, -253.33,  -46.41,    34.998,   79.9975,    42.625
 46559.2,  871.04, -315.51,  -47.29,    34.996,   79.9973,    42.635
 46560.9,  879.18, -296.83,  -46.75,    35.015,   79.9963,    42.669
 46562.6,  877.28, -355.91,  -42.24,    35.004,   79.9963,    42.643
 46565.7,  877.85, -278.50,  -45.35,    35.003,   79.9962,    42.625
 46567.3,  881.60, -282.77,  -48.12,    34.980,   79.9962,    42.625
 46569.0,  877.68, -340.33,  -45.52,    34.976,   79.9962,    42.642
 46570.7,  868.83, -306.94,  -45.67,    34.996,   79.9959,    42.625
 46572.5,  851.74, -341.64,  -43.10,    34.996,   79.9959,    42.625
 46574.2,  842.15, -323.51,  -42.51,    34.986,   79.9956,    42.625
 46575.9,  844.22, -277.23,  -44.98,    35.017,   79.9939,    42.625
 46577.5,  846.92, -325.24,  -46.50,    35.029,   79.9939,    42.625
 46579.1,  848.57, -305.07,  -47.98,    34.995,   79.9940,    42.625
 46580.8,  842.34, -326.41,  -44.58,    35.018,   79.9942,    42.625
 46582.5,  832.35, -194.07,  -43.97,    34.998,   79.9942,    42.625
 46584.3,  809.87, -319.54,  -38.92,    34.977,   79.9941,    42.625
 46586.1,  783.48, -311.22,  -41.17,    34.987,   79.9937,    42.625
 46587.8,  755.55, -340.45,  -43.59,    35.004,   79.9937,    42.625
 46589.4,  727.91, -260.85,  -45.96,    35.007,   79.9939,    42.625
 46591.0,  695.53, -285.70,  -48.31,    35.004,   79.9953,    42.625
 46592.6,  659.27, -231.60,  -46.23,    35.016,   79.9953,    42.625
 46594.3,  618.93, -324.40,  -38.23,    34.983,   79.9957,    42.625
 46597.3,  567.51, -412.91,  -47.50,    35.021,   79.9964,    42.625
 46598.9,  539.46, -390.35,  -44.48,    35.030,   79.9964,    42.625
 46600.5,  512.54, -199.26,  -43.19,    35.011,   79.9965,    42.625
 46602.2,  489.51, -256.22,  -44.11,    34.992,   79.9965,    42.625
 46604.0,  470.59, -327.65,  -41.19,    35.010,   79.9965,    42.625
 46605.6,  459.70, -341.88,  -43.10,    35.010,   79.9958,    42.625
 46607.2,  458.73, -292.55,  -49.65,    34.996,   79.9958,    42.646
 46608.8,  460.49, -313.04,  -48.67,    34.943,   79.9958,    42.665
 46610.4,  469.53, -238.34,  -45.05,    34.996,   79.9957,    42.649
 46612.1,  478.73, -306.35,  -35.17,    35.007,   79.9957,    42.631
 46613.7,  491.96, -315.38,  -40.15,    35.015,   79.9957,    42.660
 46615.3,  501.37, -237.91,  -45.22,    34.990,   79.9962,    42.625
 46616.9,  506.59, -382.52,  -48.17,    34.993,   79.9964,    42.625
 46618.5,  505.05, -302.68,  -48.05,    34.997,   79.9964,    42.625
 46620.2,  500.27, -231.76,  -42.98,    34.998,   79.9960,    42.640
 46621.9,  492.96, -282.94,  -37.82,    34.985,   79.9959,    42.625
 46623.7,  491.37, -187.19,  -44.34,    35.019,   79.9959,    42.625
 46625.2,  495.27, -249.76,  -47.27,    35.008,   79.9945,    42.625
 46628.3,  513.46, -287.70,  -43.95,    34.995,   79.9941,    42.625
 46630.0,  524.79, -363.45,  -37.83,    34.988,   79.9937,    42.625
 46631.7,  551.84, -293.66,  -45.25,    35.007,   79.9931,    42.625
 46633.3,  578.87, -268.85,  -51.27,    35.012,   79.9931,    42.625
 46635.0,  600.86, -324.07,  -49.85,    35.011,   79.9930,    42.642
 46636.6,  618.13, -312.56,  -44.91,    35.002,   79.9929,    42.625
 46638.3,  636.50, -315.55,  -45.19,    34.998,   79.9929,    42.625
 46640.1,  651.24, -379.91,  -43.17,    35.006,   79.9931,    42.625
 46641.9,  661.89, -389.56,  -46.53,    34.989,   79.9933,    42.647
 46643.6,  668.73, -279.76,  -48.25,    34.966,   79.9933,    42.625
 46645.2,  672.07, -396.17,  -50.00,    35.003,   79.9934,    42.651
 46646.9,  676.87, -217.68,  -52.40,    35.013,   79.9934,    42.671
 46648.6,  675.31, -338.58,  -47.69,    34.996,   79.9934,    42.688
 46650.4,  679.84, -367.84,  -45.54,    35.001,   79.9935,    42.688
 46652.1,  689.48, -256.93,  -46.69,    34.996,   79.9936,    42.670
 46653.7,  703.64, -368.40,  -48.36,    35.010,   79.9936,    42.688
 46655.3,  719.14, -284.54,  -51.30,    34.994,   79.9958,    42.674
 46657.0,  738.05, -282.17,  -51.07,    34.984,   79.9961,    42.663
 46660.1,  772.06, -370.53,  -49.91,    35.027,   79.9966,    42.669
 46661.7,  788.60, -349.67,  -50.75,    35.002,   79.9970,    42.688
 46663.3,  800.18, -292.91,  -45.44,    35.009,   79.9970,    42.688
 46665.0,  816.08, -396.95,  -47.68,    34.990,   79.9975,    42.670
 46666.6,  832.16, -411.78,  -50.32,    34.992,   79.9977,    42.671
 46668.2,  843.92, -303.43,  -46.36,    35.020,   79.9977,    42.679
 46669.9,  850.51, -319.89,  -43.20,    34.999,   79.9982,    42.640
 46671.6,  861.78, -346.13,  -44.71,    34.995,   79.9983,    42.635
 46673.3,  874.79, -348.83,  -48.95,    35.002,   79.9983,    42.625
 46674.9,  884.85, -274.82,  -47.93,    35.015,   79.9984,    42.647
 46676.6,  887.95, -264.79,  -44.60,    35.009,   79.9985,    42.667
 46678.3,  895.47, -294.03,  -47.29,    34.992,   79.9985,    42.647
 46679.8,  903.53, -338.66,  -50.53,    34.989,   79.9989,    42.661
 46681.4,  905.82, -285.23,  -48.32,    34.998,   79.9994,    42.671
 46683.1,  902.95, -280.70,  -43.89,    34.998,   79.9994,    42.671
 46684.8,  910.57, -360.59,  -49.22,    34.997,   79.9987,    42.688
 46686.5,  909.94, -308.70,  -49.57,    35.015,   79.9976,    42.661
 46688.2,  901.75, -319.24,  -46.42,    35.018,   79.9976,    42.655
