WISPER_raw_data/WISPER_20160918_rawField.ict
40, 1001
David Noone
Oregon State University
Water Vapor Isotopic Analyzer (Picarro L2120i) - H2O concentration, D/H and 18O/16O isotope ratios (delta notation)
ORACLES
1, 1
2016, 09, 18, 2016, 09, 18
0
Start_UTC, seconds
6
1, 1, 1, 1, 1, 1
-9999, -9999, -9999, -9999, -9999, -9999
H2O_ppmv, ppmv
dD_permil, permil
d18O_permil, permil
pressure_cavity, torr
temp_cavity, degrees_celcius
temp_das, degrees_celcius
0
18
PI_CONTACT_INFO: Address: David Noone, CEOAS, Oregon State University, Corvallis OR 97331; email: nooned@oregonstate.edu
PLATFORM: NASA P3B (N426NA), sampling port side foward window from forward facing diffuser inlet
LOCATION: Aircraft location data decribed elsewhere
ASSOCIATED_DATA: see http://espoarchive.nasa.gov/archive/browse/oracles
INSTRUMENT_INFO: Water Vapor Isotopic Analyzer (Picarro L2120-i): cavity-ringdown tunable diode laser spectoscopy.
DATA_INFO: Units are ppmv for H2O and permil relative to SMOW for d18O and dD.
UNCERTAINTY: The absolute accuracy humidity dependent is in the range 1 % for H2O, 1 permil for dD and 0.5 permil for d18O.
ULOD_FLAG: -7777
ULOD_VALUE: N/A
LLOD_FLAG: -8888
LLOD_VALUE: N/A
DM_CONTACT_INFO: David Noone; Oregon State University; nooned@oregonstate.edu
PROJECT_INFO: ORACLES Mission August-October 2016; Southeast Atlantic/Walvis Bay, Namibia
STIPULATIONS_ON_USE: Until made public, only the ORACLES science team is allowed to use this data, per the ORACLES data protocol.
OTHER_COMMENTS: Data is uncalibrated, uncheck and not useful for science at this level
REVISION: RAW
RAW: Raw translation of Picarro output files to ICARTT format
Start_UTC, H2O_ppmv, dD_permil, d18O_permil, pressure_cavity, temp_cavity, temp_das
 23363.7,10858.41, -122.26,   20.12,    35.004,   78.4790,    43.062
 23365.7,10890.07,  -13.09,   -3.81,    35.025,   78.5331,    43.062
[from data line 1392]
 25744.5, 3383.71, -132.37,  -22.94,    34.964,   80.0002,    46.438
 25746.2, 3384.55, -137.90,  -22.07,    34.973,   80.0003,    46.438
 25747.9, 3390.40, -132.26,  -22.42,    35.030,   80.0003,    46.454
 25749.6, 3389.85, -134.61,  -22.86,    35.044,   80.0007,    46.438
 25751.3, 3384.72, -123.41,  -22.88,    34.985,   80.0014,    46.438
 25753.0, 3384.47, -141.28,  -22.69,    35.020,   80.0014,    46.438
 25754.7, 3377.07, -136.23,  -23.58,    34.999,   80.0011,    46.438
 25756.4, 3371.88, -131.83,  -22.71,    35.018,   80.0008,    46.438
 25758.2, 3359.11, -148.51,  -22.73,    34.976,   80.0008,    46.438
 25760.0, 3347.89, -145.63,  -22.80,    34.929,   80.0010,    46.438
 25763.1, 3326.60, -148.40,  -22.80,    35.004,   80.0012,    46.438
 25764.9, 3318.32, -119.16,  -24.28,    34.979,   80.0011,    46.438
 25766.6, 3301.41, -161.50,  -23.14,    35.012,   80.0005,    46.438
 25768.3, 3293.33, -141.47,  -22.63,    35.039,   80.0005,    46.438
 25770.1, 3260.10, -133.78,  -23.26,    34.996,   80.0004,    46.438
 25771.9, 3177.04, -153.72,  -22.59,    35.031,   80.0003,    46.438
 25773.6, 3022.76, -161.29,  -21.65,    35.007,   80.0003,    46.464
 25775.3, 2839.60, -149.66,  -22.94,    34.963,   80.0012,    46.482
 25777.0, 2654.62, -149.28,  -22.44,    34.964,   80.0019,    46.500
 25778.7, 2467.57, -159.83,  -21.48,    34.929,   80.0019,    46.500
 25780.4, 2311.94, -147.83,  -25.85,    35.006,   80.0020,    46.500
 25782.2, 2170.91, -107.10,  -27.61,    34.997,   80.0021,    46.500
 25784.0, 2043.79, -113.20,  -25.00,    34.959,   80.0021,    46.500
 25785.7, 1937.07, -161.81,  -23.86,    35.003,   80.0020,    46.500
 25787.4, 1841.28, -168.26,  -23.90,    35.057,   80.0020,    46.500
 25789.1, 1754.77,  -93.19,  -27.93,    35.011,   80.0021,    46.500
 25790.9, 1669.18, -154.54,  -25.96,    35.013,   80.0023,    46.500
 25792.6, 1601.82, -159.30,  -27.82,    35.001,   80.0023,    46.500
 25795.7, 1495.91, -139.66,  -28.80,    34.949,   80.0038,    46.500
 25797.4, 1440.46, -193.62,  -27.23,    34.915,   80.0038,    46.500
 25799.2, 1398.60, -134.67,  -31.24,    34.961,   80.0037,    46.500
 25801.0, 1349.50, -187.40,  -28.43,    35.045,   80.0035,    46.500
 25802.7, 1305.58, -135.55,  -30.76,    34.965,   80.0035,    46.500
 25804.5, 1262.30, -163.32,  -29.38,    34.988,   80.0036,    46.500
 25806.2, 1222.72, -159.64,  -29.13,    35.058,   80.0045,    46.500
 25807.9, 1178.77, -124.37,  -31.30,    35.017,   80.0045,    46.500
 25809.7, 1140.55, -144.33,  -32.39,    35.009,   80.0048,    46.528
 25811.4, 1099.54, -220.03,  -31.38,    35.076,   80.0052,    46.506
 25813.0, 1066.35, -166.14,  -33.38,    35.003,   80.0052,    46.525
 25814.6, 1030.80, -167.84,  -30.36,    34.997,   80.0051,    46.518
 25816.3,  995.49, -165.74,  -33.23,    34.943,   80.0049,    46.515
 25818.0,  967.46, -190.63,  -36.27,    34.921,   80.0049,    46.520
 25819.6,  938.16, -186.62,  -34.58,    34.988,   80.0044,    46.500
 25821.4,  913.20, -136.93,  -36.10,    34.962,   80.0035,    46.500
 25823.1,  886.83, -158.40,  -31.71,    34.965,   80.0035,    46.500
 25824.8,  868.42, -115.11,  -33.97,    35.047,   80.0036,    46.500
 25827.9,  831.53, -144.16,  -34.20,    34.979,   80.0037,    46.517
 25829.6,  812.11, -155.43,  -34.57,    35.000,   80.0046,    46.517
 25831.3,  797.81, -114.46,  -37.17,    35.040,   80.0054,    46.543
 25833.0,  777.80, -178.11,  -35.85,    35.036,   80.0054,    46.545
 25834.8,  756.97, -272.73,  -36.74,    34.960,   80.0051,    46.562
 25836.7,  741.82,  -81.73,  -42.08,    34.971,   80.0049,    46.562
 25838.4,  720.98, -287.90,  -37.64,    34.990,   80.0049,    46.547
 25840.1,  701.75, -231.73,  -33.80,    34.950,   80.0041,    46.562
 25841.9,  685.58, -168.57,  -38.32,    34.905,   80.0037,    46.562
 25843.6,  669.41, -182.98,  -33.66,    35.030,   80.0037,    46.562
 25845.3,  655.04, -206.79,  -36.43,    35.050,   80.0042,    46.562
 25847.1,  639.30, -168.92,  -39.59,    34.991,   80.0044,    46.562
 25848.8,  625.22, -149.47,  -38.06,    35.007,   80.0044,    46.562
 25850.5,  627.29, -161.26,  -41.75,    35.031,   80.0060,    46.562
 25852.3,  687.07, -194.08,  -43.28,    35.019,   80.0064,    46.562
 25854.0,  828.76, -234.51,  -42.99,    35.011,   80.0066,    46.562
 25855.7, 1026.37, -227.84,  -36.70,    34.986,   80.0074,    46.584
 25857.5, 1244.44, -251.75,  -41.65,    35.014,   80.0074,    46.596
 25860.6, 1592.73, -257.68,  -35.78,    34.888,   80.0064,    46.562
 25862.3, 1778.50, -267.26,  -40.43,    34.936,   80.0064,    46.594
 25864.2, 1961.48, -228.02,  -32.62,    35.008,   80.0064,    46.596
 25866.0, 2113.61, -233.69,  -34.05,    34.980,   80.0064,    46.617
 25867.7, 2237.07, -233.82,  -30.28,    35.012,   80.0064,    46.567
 25869.2, 2340.05, -200.64,  -31.28,    35.026,   80.0064,    46.584
 25870.8, 2383.46, -214.83,  -27.82,    35.017,   80.0081,    46.562
 25872.6, 2322.21, -204.59,  -27.37,    35.011,   80.0082,    46.562
 25874.4, 2154.79, -193.69,  -27.05,    34.983,   80.0083,    46.606
 25876.2, 1945.37, -183.74,  -28.41,    35.017,   80.0090,    46.586
 25877.9, 1739.55, -166.07,  -32.86,    34.966,   80.0090,    46.584
 25879.6, 1553.64, -191.89,  -29.08,    34.954,   80.0078,    46.562
 25881.4, 1393.97, -193.26,  -25.66,    35.029,   80.0069,    46.562
 25883.1, 1253.67, -215.73,  -25.46,    34.981,   80.0069,    46.562
 25885.0, 1137.14, -222.42,  -24.08,    35.010,   80.0071,    46.562
 25886.7, 1041.75, -225.81,  -25.14,    35.048,   80.0076,    46.582
 25888.5,  963.51, -163.23,  -26.58,    35.009,   80.0076,    46.564
 25890.3,  900.60, -250.37,  -26.97,    34.988,   80.0077,    46.562
 25893.3,  814.37, -169.92,  -33.77,    34.953,   80.0077,    46.583
 25895.0,  775.22,  -73.27,  -32.96,    34.989,   80.0071,    46.600
 25896.6,  736.90, -194.07,  -29.92,    34.930,   80.0067,    46.602
 25898.3,  708.04, -113.67,  -33.14,    34.944,   80.0067,    46.625
 25899.9,  677.56, -222.92,  -24.27,    35.085,   80.0070,    46.625
 25901.6,  656.86, -222.41,  -30.07,    35.036,   80.0073,    46.588
 25903.5,  634.54, -181.84,  -33.19,    35.009,   80.0073,    46.592
 25905.3,  612.12, -210.96,  -31.47,    35.038,   80.0069,    46.625
 25907.1,  595.08, -198.62,  -30.43,    35.018,   80.0067,    46.625
 25908.9,  577.92, -231.85,  -31.42,    35.010,   80.0067,    46.625
 25910.7,  564.32, -243.44,  -31.91,    34.960,   80.0061,    46.625
 25912.4,  555.66, -265.55,  -35.45,    34.950,   80.0061,    46.625
 25914.2,  544.14, -261.16,  -30.90,    34.965,   80.0058,    46.625
 25915.9,  535.27, -169.86,  -34.29,    34.941,   80.0055,    46.625
 25917.6,  525.67, -254.57,  -29.00,    34.986,   80.0055,    46.625
 25919.4,  519.94, -160.55,  -31.55,    35.047,   80.0059,    46.625
 25921.1,  517.46, -114.08,  -38.97,    34.995,   80.0066,    46.625
 25922.9,  509.31, -109.22,  -35.98,    35.004,   80.0066,    46.625
 25926.1,  498.74, -177.97,  -34.36,    35.019,   80.0076,    46.625
 25927.8,  495.57, -156.68,  -35.28,    34.950,   80.0076,    46.625
 25929.6,  492.51, -175.22,  -36.01,    34.903,   80.0079,    46.625
 25931.2,  489.80, -171.51,  -38.50,    34.947,   80.0086,    46.625
 25932.9,  488.59, -167.38,  -38.29,    35.082,   80.0086,    46.625
 25934.7,  486.02, -146.84,  -37.23,    35.010,   80.0079,    46.625
 25936.4,  513.23, -139.07,  -44.02,    35.020,   80.0066,    46.625
 25938.1,  638.23, -131.71,  -49.31,    35.031,   80.0066,    46.681
 25939.9,  924.31, -202.94,  -18.98,    35.012,   80.0068,    46.665
 25941.6, 1336.96, -203.48,  -43.82,    34.988,   80.0069,    46.688
 25943.3, 1772.41, -238.25,  -41.28,    34.972,   80.0069,    46.688
 25945.1, 2200.45, -252.59,  -44.80,    34.962,   80.0064,    46.688
 25946.9, 2592.24, -221.85,  -35.18,    34.987,   80.0061,    46.688
 25948.7, 2913.13, -235.65,  -30.94,    34.911,   80.0061,    46.688
 25950.3, 3161.98, -207.61,  -30.41,    34.919,   80.0047,    46.688
 25951.9, 3377.44, -207.78,  -28.05,    35.061,   80.0043,    46.688
 25953.6, 3542.42, -188.81,  -26.55,    35.005,   80.0043,    46.688
 25955.3, 3637.98, -187.24,  -26.19,    34.988,   80.0047,    46.688
 25958.4, 3439.13, -185.78,  -22.29,    35.075,   80.0048,    46.688
 25960.1, 3137.66, -171.50,  -27.30,    35.007,   80.0046,    46.688
 25961.9, 2793.93, -176.93,  -26.09,    34.958,   80.0044,    46.688
 25963.6, 2486.06, -168.21,  -24.80,    34.945,   80.0044,    46.688
 25965.4, 2228.41, -188.15,  -20.14,    34.983,   80.0042,    46.688
 25967.2, 2027.84, -138.24,  -27.31,    34.949,   80.0040,    46.688
 25968.9, 1864.80, -169.02,  -30.09,    34.903,   80.0040,    46.688
 25970.6, 1737.76, -176.10,  -25.01,    35.023,   80.0040,    46.693
 25972.3, 1634.33, -152.96,  -27.72,    35.075,   80.0040,    46.719
 25974.0, 1531.10, -146.35,  -26.09,    34.997,   80.0040,    46.740
 25975.7, 1447.96, -167.77,  -27.28,    35.006,   80.0031,    46.750
 25977.5, 1378.21, -149.24,  -28.25,    35.086,   80.0031,    46.750
 25979.2, 1311.78, -169.76,  -26.72,    35.040,   80.0032,    46.734
 25980.9, 1266.66, -158.49,  -28.53,    34.955,   80.0044,    46.738
 25982.7, 1233.04, -169.37,  -30.57,    34.905,   80.0044,    46.688
 25984.5, 1220.52, -189.31,  -28.64,    35.059,   80.0045,    46.688
 25986.2, 1209.54, -144.56,  -26.04,    35.010,   80.0046,    46.688
 25987.9, 1212.30, -133.48,  -31.78,    34.915,   80.0046,    46.722
 25991.0, 1220.68, -178.72,  -28.98,    35.038,   80.0044,    46.750
 25992.8, 1219.43, -163.31,  -28.56,    35.042,   80.0044,    46.750
 25994.5, 1206.63, -238.82,  -28.02,    34.997,   80.0041,    46.750
 25996.3, 1187.96, -187.69,  -27.71,    35.021,   80.0036,    46.750
 25998.1, 1162.09, -150.00,  -28.27,    34.979,   80.0036,    46.750
 25999.8, 1134.71, -192.82,  -26.59,    34.938,   80.0039,    46.750
 26001.6, 1108.29, -174.39,  -28.01,    34.884,   80.0041,    46.750
 26003.3, 1086.36, -165.23,  -27.02,    34.935,   80.0041,    46.750
 26005.0, 1071.97, -140.82,  -29.25,    35.108,   80.0048,    46.750
 26006.8, 1051.17, -144.18,  -29.72,    35.055,   80.0053,    46.750
 26008.6, 1033.32, -169.29,  -28.60,    35.015,   80.0053,    46.750
 26010.4, 1025.00, -134.46,  -27.77,    35.027,   80.0062,    46.750
 26012.1, 1026.63, -163.29,  -28.49,    35.008,   80.0062,    46.750
 26013.9, 1043.80, -143.96,  -28.88,    34.993,   80.0057,    46.750
 26015.6, 1066.81, -145.35,  -29.58,    34.982,   80.0045,    46.766
 26017.3, 1089.32, -200.48,  -27.65,    34.973,   80.0045,    46.750
 26019.0, 1116.57, -172.93,  -26.69,    34.947,   80.0045,    46.750
 26020.6, 1166.96, -196.30,  -28.76,    34.904,   80.0035,    46.782
 26023.6, 1475.64, -165.08,  -20.77,    35.058,   80.0035,    46.776
 26025.3, 1783.33, -170.82,  -31.14,    35.039,   80.0030,    46.796
 26027.1, 2119.40, -151.06,  -29.24,    35.034,   80.0028,    46.812
 26028.8, 2429.61, -187.42,  -24.78,    34.979,   80.0028,    46.812
 26030.5, 2710.90, -183.56,  -26.46,    34.926,   80.0029,    46.812
 26032.3, 2974.04, -145.08,  -23.93,    34.973,   80.0029,    46.779
 26034.1, 3195.98, -153.35,  -24.31,    34.934,   80.0030,    46.783
 26035.8, 3383.45, -159.33,  -25.16,    34.920,   80.0033,    46.789
 26037.5, 3552.23, -143.16,  -22.36,    35.108,   80.0033,    46.795
 26039.2, 3671.88, -143.75,  -22.38,    35.087,   80.0032,    46.812
 26041.0, 3733.75, -144.40,  -21.83,    35.003,   80.0031,    46.812
 26042.7, 3711.43, -146.83,  -20.83,    35.025,   80.0031,    46.797
 26044.5, 3604.11, -134.80,  -20.65,    35.032,   80.0035,    46.782
 26046.2, 3457.66, -120.35,  -21.95,    35.015,   80.0042,    46.812
 26048.0, 3303.17, -121.18,  -23.95,    34.953,   80.0042,    46.812
 26049.7, 3175.46, -130.56,  -24.56,    34.920,   80.0043,    46.812
 26051.4, 3070.14, -137.11,  -22.90,    34.954,   80.0044,    46.812
 26053.2, 2986.01, -152.69,  -23.32,    34.947,   80.0044,    46.812
 26056.2, 2884.95, -116.34,  -23.39,    35.024,   80.0032,    46.812
 26058.0, 2846.23, -115.73,  -22.53,    35.085,   80.0032,    46.812
 26059.8, 2814.69, -126.85,  -23.80,    35.000,   80.0029,    46.812
 26061.6, 2807.31, -117.39,  -22.88,    35.034,   80.0027,    46.812
 26063.4, 2815.33, -121.16,  -23.44,    34.987,   80.0027,    46.812
 26065.1, 2834.05, -134.72,  -22.42,    34.974,   80.0029,    46.812
 26066.9, 2858.18, -120.86,  -23.26,    34.953,   80.0030,    46.812
 26068.6, 2876.62, -121.92,  -23.21,    34.911,   80.0030,    46.812
 26070.2, 2899.97, -114.33,  -23.62,    34.996,   80.0012,    46.812
 26072.0, 2917.73, -125.50,  -22.75,    34.993,   80.0001,    46.812
 26073.7, 2937.94, -138.83,  -22.15,    34.986,   80.0000,    46.812
 26075.4, 2968.51, -138.90,  -21.20,    35.031,   79.9998,    46.820
 26077.2, 3002.54, -128.97,  -22.88,    35.033,   79.9998,    46.841
 26079.0, 3035.15, -126.27,  -22.79,    35.015,   79.9998,    46.812
 26080.7, 3070.09, -131.03,  -22.80,    35.022,   80.0011,    46.847
 26082.5, 3103.37, -118.56,  -22.46,    35.007,   80.0012,    46.829
 26084.2, 3132.83, -116.38,  -22.92,    34.960,   80.0009,    46.846
 26085.9, 3167.84, -121.11,  -21.87,    34.961,   80.0002,    46.834
 26089.0, 3230.62, -126.41,  -22.59,    34.960,   80.0002,    46.836
 26090.7, 3274.43, -110.31,  -22.92,    35.051,   80.0001,    46.826
 26092.4, 3301.03, -134.93,  -21.33,    35.021,   80.0001,    46.812
 26094.1, 3344.08, -121.73,  -21.94,    34.992,   80.0003,    46.839
 26095.8, 3386.75, -117.31,  -22.32,    35.031,   80.0017,    46.875
 26097.5, 3429.81, -137.99,  -21.49,    35.037,   80.0017,    46.875
 26099.2, 3472.62, -113.15,  -21.51,    34.998,   80.0017,    46.875
 26100.9, 3508.43, -115.36,  -22.33,    34.941,   80.0021,    46.852
 26102.6, 3543.74, -115.49,  -21.45,    34.983,   80.0021,    46.875
 26104.3, 3574.68, -109.20,  -21.95,    34.940,   80.0019,    46.875
 26106.0, 3602.60, -115.25,  -22.00,    34.931,   80.0014,    46.875
 26107.8, 3648.20, -109.07,  -21.58,    35.028,   80.0014,    46.875
 26109.4, 3703.10, -109.26,  -21.49,    35.106,   80.0016,    46.875
 26111.2, 3741.81, -106.04,  -21.33,    35.034,   80.0021,    46.875
 26112.9, 3774.84, -129.46,  -20.91,    35.000,   80.0021,    46.875
 26114.7, 3815.50, -128.32,  -21.46,    35.019,   80.0020,    46.875
 26116.5, 3842.01, -113.34,  -21.80,    34.971,   80.0019,    46.875
 26118.2, 3865.82, -107.77,  -21.89,    34.951,   80.0019,    46.875
 26121.2, 3889.18, -120.21,  -21.38,    34.861,   79.9997,    46.875
 26122.9, 3919.88, -123.50,  -19.96,    35.017,   79.9997,    46.875
 26124.7, 3944.18, -113.99,  -21.61,    35.060,   79.9997,    46.875
 26126.4, 3953.52, -129.22,  -21.28,    35.010,   79.9987,    46.875
 26128.1, 3937.53, -104.16,  -20.66,    35.040,   79.9987,    46.875
 26129.9, 3821.79, -114.97,  -19.58,    35.017,   79.9986,    46.875
 26131.6, 3588.00, -105.53,  -22.21,    34.981,   79.9984,    46.903
 26133.3, 3264.65,  -85.39,  -18.46,    34.950,   79.9984,    46.888
 26135.0, 2906.04, -107.86,  -24.16,    34.904,   79.9981,    46.875
 26136.7, 2573.98, -129.74,  -18.92,    35.000,   79.9976,    46.875
 26138.4, 2269.85,  -88.52,  -23.46,    35.035,   79.9976,    46.877
 26140.1, 2001.98, -118.56,  -17.54,    35.011,   79.9974,    46.912
 26141.8, 1773.82, -157.08,  -22.42,    34.988,   79.9972,    46.911
 26143.4, 1587.40, -115.55,  -20.25,    35.063,   79.9972,    46.889
 26145.2, 1417.16, -134.57,  -23.55,    35.012,   79.9981,    46.920
 26146.9, 1272.43,  -68.97,  -24.20,    34.943,   79.9986,    46.938
 26148.5, 1162.05,  -99.96,  -23.89,    34.925,   79.9986,    46.925
 26150.1, 1073.22,  -62.48,  -26.43,    34.876,   79.9984,    46.908
 26153.0,  936.52, -103.66,  -22.21,    35.088,   79.9982,    46.938
 26154.8,  868.99, -126.68,  -22.16,    35.054,   79.9986,    46.921
 26156.5,  813.50, -145.56,  -21.36,    35.033,   79.9995,    46.901
 26158.2,  764.85, -118.67,  -19.64,    35.007,   79.9995,    46.938
 26160.0,  724.46, -113.09,  -20.60,    35.012,   80.0004,    46.938
