WISPER_raw_data/WISPER_20160830_rawField.ict
40, 1001
David Noone
Oregon State University
Water Vapor Isotopic Analyzer (Picarro L2120i) - H2O concentration, D/H and 18O/16O isotope ratios (delta notation)
ORACLES
1, 1
2016, 08, 30, 2016, 08, 30
0
Start_UTC, seconds
6
1, 1, 1, 1, 1, 1
-9999, -9999, -9999, -9999, -9999, -9999
H2O_ppmv, ppmv
dD_permil, permil
d18O_permil, permil
pressure_cavity, torr
temp_cavity, degrees_celcius
temp_das, degrees_celcius
0
18
PI_CONTACT_INFO: Address: David Noone, CEOAS, Oregon State University, Corvallis OR 97331; email: nooned@oregonstate.edu
PLATFORM: NASA P3B (N426NA), sampling port side foward window from forward facing diffuser inlet
LOCATION: Aircraft location data decribed elsewhere
ASSOCIATED_DATA: see http://espoarchive.nasa.gov/archive/browse/oracles
INSTRUMENT_INFO: Water Vapor Isotopic Analyzer (Picarro L2120-i): cavity-ringdown tunable diode laser spectoscopy.
DATA_INFO: Units are ppmv for H2O and permil relative to SMOW for d18O and dD.
UNCERTAINTY: The absolute accuracy humidity dependent is in the range 1 % for H2O, 1 permil for dD and 0.5 permil for d18O.
ULOD_FLAG: -7777
ULOD_VALUE: N/A
LLOD_FLAG: -8888
LLOD_VALUE: N/A
DM_CONTACT_INFO: David Noone; Oregon State University; nooned@oregonstate.edu
PROJECT_INFO: ORACLES Mission August-October 2016; Southeast Atlantic/Walvis Bay, Namibia
STIPULATIONS_ON_USE: Until made public, only the ORACLES science team is allowed to use this data, per the ORACLES data protocol.
OTHER_COMMENTS: Data is uncalibrated, uncheck and not useful for science at this level
REVISION: RAW
RAW: Raw translation of Picarro output files to ICARTT format
Start_UTC, H2O_ppmv, dD_permil, d18O_permil, pressure_cavity, temp_cavity, temp_das
 22753.2,16089.64,  -62.23,  -19.32,    34.987,   78.2884,    35.188
 22753.5,15908.35,  -59.35,  -15.13,    35.008,   78.2884,    35.188
[from data line 24812]
 27963.2, 5232.38,  -96.91,  -16.39,    34.958,   79.9990,    44.375
 27963.4, 5227.35,  -96.42,  -17.45,    34.958,   79.9990,    44.375
 27963.6, 5219.29, -100.34,  -15.81,    34.953,   79.9990,    44.375
 27963.8, 5229.72,  -97.09,  -16.73,    34.933,   79.9990,    44.375
 27964.0, 5235.73,  -95.15,  -17.02,    34.976,   79.9990,    44.375
 27964.2, 5232.81,  -99.59,  -17.16,    34.997,   79.9990,    44.375
 27964.4, 5233.47,  -96.39,  -17.18,    34.975,   79.9990,    44.375
 27964.6, 5239.54,  -98.94,  -17.52,    34.958,   79.9990,    44.375
 27964.8, 5238.95, -102.79,  -16.98,    34.980,   79.9990,    44.375
 27965.0, 5235.44,  -99.08,  -17.24,    35.018,   79.9990,    44.375
 27965.2, 5240.87,  -97.79,  -17.25,    35.044,   79.9991,    44.375
 27965.4, 5241.94, -102.56,  -16.88,    35.025,   79.9991,    44.375
 27965.6, 5241.43, -102.83,  -17.60,    35.020,   79.9991,    44.375
 27965.8, 5241.19, -103.89,  -16.92,    35.037,   79.9991,    44.375
 27966.0, 5239.18, -101.76,  -16.26,    35.052,   79.9991,    44.375
 27966.2, 5243.81,  -95.93,  -17.08,    35.038,   79.9991,    44.375
 27966.4, 5235.44, -102.04,  -16.37,    35.027,   79.9991,    44.375
 27966.6, 5236.18, -103.38,  -16.40,    35.022,   79.9991,    44.375
 27966.8, 5234.98, -103.99,  -16.28,    35.024,   79.9991,    44.375
 27967.0, 5239.66,  -95.53,  -16.78,    35.058,   79.9991,    44.375
 27967.2, 5236.67, -100.97,  -16.63,    35.096,   79.9991,    44.375
 27967.4, 5242.29,  -97.26,  -17.35,    35.096,   79.9991,    44.375
 27967.6, 5238.95,  -95.59,  -16.97,    35.075,   79.9991,    44.375
 27967.8, 5230.12,  -99.82,  -16.41,    35.054,   79.9991,    44.375
 27968.0, 5233.40,  -99.42,  -16.29,    35.021,   79.9991,    44.375
 27968.2, 5235.82, -100.60,  -17.11,    35.021,   79.9991,    44.375
 27968.4, 5234.69, -106.29,  -17.07,    35.021,   79.9991,    44.375
 27968.6, 5234.37, -101.35,  -17.20,    35.021,   79.9991,    44.375
 27968.8, 5231.21, -101.25,  -17.52,    35.021,   79.9991,    44.375
 27969.0, 5236.10,  -98.29,  -17.79,    35.021,   79.9991,    44.375
 27969.2, 5235.18,  -96.66,  -17.06,    35.021,   79.9991,    44.375
 27969.4, 5243.46,  -97.69,  -16.65,    35.039,   79.9991,    44.375
 27969.6, 5239.71, -100.79,  -17.38,    35.032,   79.9991,    44.375
 27969.8, 5237.15,  -98.46,  -16.65,    34.991,   79.9991,    44.375
 27970.0, 5225.12,  -98.99,  -16.94,    34.988,   79.9991,    44.375
 27970.2, 5232.06, -102.94,  -17.15,    34.981,   79.9994,    44.375
 27970.4, 5243.96,  -99.18,  -17.68,    35.001,   79.9996,    44.375
 27970.6, 5246.76, -102.89,  -18.20,    35.017,   79.9996,    44.375
 27970.8, 5240.61,  -96.74,  -17.81,    35.000,   79.9996,    44.375
 27971.0, 5240.80, -101.42,  -17.68,    35.007,   79.9996,    44.375
 27971.2, 5239.38,  -98.65,  -17.93,    35.032,   79.9996,    44.375
 27971.4, 5241.75,  -98.49,  -17.02,    35.034,   79.9996,    44.375
 27971.6, 5235.71,  -98.65,  -17.63,    35.012,   79.9996,    44.375
 27971.8, 5233.31, -101.26,  -17.40,    34.993,   79.9996,    44.375
 27972.0, 5237.00, -104.33,  -17.32,    35.019,   79.9996,    44.375
 27972.2, 5240.32, -104.73,  -17.86,    35.019,   79.9996,    44.375
 27972.4, 5234.81,  -98.36,  -17.26,    35.017,   79.9996,    44.375
 27972.6, 5226.50,  -96.39,  -16.38,    35.035,   79.9996,    44.375
 27972.8, 5231.59, -100.45,  -16.47,    35.035,   79.9996,    44.375
 27973.0, 5230.89,  -95.57,  -16.79,    35.035,   79.9996,    44.375
 27973.2, 5226.81,  -99.57,  -17.32,    34.944,   79.9996,    44.375
 27973.4, 5224.22, -101.35,  -17.44,    34.954,   79.9996,    44.375
 27973.6, 5230.47,  -95.70,  -17.68,    34.954,   79.9996,    44.375
 27973.8, 5234.91,  -97.07,  -17.04,    34.954,   79.9996,    44.375
 27974.0, 5225.93,  -94.68,  -17.17,    34.954,   79.9996,    44.375
 27974.2, 5226.12,  -96.86,  -17.01,    34.954,   79.9996,    44.375
 27974.4, 5231.85, -103.01,  -17.84,    34.968,   79.9996,    44.375
 27974.6, 5232.48,  -97.67,  -17.58,    34.969,   79.9996,    44.375
 27974.8, 5231.76, -109.77,  -17.13,    35.008,   79.9995,    44.375
 27975.0, 5243.52, -102.55,  -17.68,    35.051,   79.9994,    44.375
 27975.2, 5238.58, -101.95,  -16.31,    35.044,   79.9994,    44.375
 27975.4, 5233.42,  -98.07,  -16.89,    34.996,   79.9994,    44.375
 27975.6, 5229.64,  -96.92,  -16.83,    34.982,   79.9994,    44.375
 27975.8, 5234.77,  -99.96,  -17.69,    35.011,   79.9994,    44.375
 27976.0, 5230.08, -101.90,  -17.17,    34.950,   79.9994,    44.375
 27976.2, 5231.19,  -97.99,  -16.36,    34.977,   79.9994,    44.375
 27976.4, 5234.45,  -98.56,  -16.29,    35.006,   79.9994,    44.375
 27976.6, 5236.21,  -95.69,  -16.77,    35.004,   79.9994,    44.375
 27976.8, 5231.19,  -96.58,  -16.63,    34.982,   79.9994,    44.375
 27977.0, 5236.98,  -99.98,  -16.92,    35.000,   79.9994,    44.375
 27977.2, 5234.98,  -98.58,  -16.42,    35.010,   79.9994,    44.375
 27977.4, 5239.56,  -97.76,  -17.09,    34.998,   79.9994,    44.375
 27977.6, 5242.15,  -96.66,  -17.38,    34.987,   79.9994,    44.375
 27977.8, 5236.03,  -99.31,  -16.65,    35.005,   79.9994,    44.375
 27978.0, 5239.68, -101.95,  -17.17,    35.020,   79.9994,    44.375
 27978.2, 5239.70, -103.14,  -17.21,    34.996,   79.9994,    44.375
 27978.4, 5234.73, -101.05,  -16.78,    35.006,   79.9994,    44.375
 27978.6, 5253.42,  -96.57,  -17.23,    35.052,   79.9994,    44.375
 27978.8, 5247.72, -100.22,  -16.83,    34.997,   79.9994,    44.375
 27979.0, 5236.18, -110.45,  -16.00,    34.997,   79.9994,    44.375
 27979.2, 5244.90,  -98.92,  -15.87,    34.997,   79.9994,    44.375
 27979.4, 5241.80, -101.30,  -16.88,    34.997,   79.9994,    44.375
 27979.6, 5231.55, -108.93,  -16.91,    34.997,   79.9994,    44.375
 27979.8, 5243.34,  -99.73,  -17.01,    34.997,   79.9994,    44.375
 27980.0, 5235.11, -102.16,  -16.56,    35.000,   79.9994,    44.375
 27980.2, 5237.54,  -98.59,  -16.76,    35.000,   79.9994,    44.375
 27980.4, 5238.08,  -98.37,  -16.07,    35.005,   79.9994,    44.375
 27980.6, 5242.50,  -99.64,  -17.11,    35.009,   79.9994,    44.375
 27980.8, 5238.18,  -98.19,  -16.80,    35.012,   79.9994,    44.375
 27981.0, 5240.47,  -97.87,  -17.03,    35.022,   79.9994,    44.375
 27981.2, 5243.67, -100.26,  -16.64,    35.025,   79.9994,    44.375
 27981.4, 5240.02, -101.42,  -17.14,    35.000,   79.9994,    44.375
 27981.6, 5231.31,  -99.74,  -15.54,    34.973,   79.9994,    44.375
 27981.8, 5234.18, -101.15,  -16.47,    34.961,   79.9994,    44.375
 27982.0, 5234.86,  -98.93,  -16.67,    34.979,   79.9994,    44.375
 27982.2, 5233.64,  -97.78,  -16.75,    34.934,   79.9994,    44.375
 27982.4, 5240.25, -100.57,  -16.83,    34.975,   79.9994,    44.375
 27982.6, 5243.88, -100.90,  -17.47,    34.993,   79.9994,    44.375
 27982.8, 5241.21,  -94.45,  -16.83,    34.956,   79.9994,    44.375
 27983.0, 5239.79,  -96.89,  -16.92,    34.947,   79.9994,    44.375
 27983.2, 5238.53,  -99.80,  -16.71,    34.988,   79.9994,    44.375
 27983.4, 5237.21,  -97.54,  -16.54,    34.987,   79.9994,    44.375
 27983.6, 5242.08, -103.17,  -17.01,    35.005,   79.9994,    44.411
 27983.8, 5233.84,  -97.95,  -15.81,    35.017,   79.9994,    44.418
 27984.0, 5238.59,  -99.27,  -16.63,    35.013,   79.9994,    44.375
 27984.3, 5243.71,  -90.70,  -17.25,    34.962,   79.9994,    44.375
 27984.5, 5238.28,  -99.82,  -16.74,    34.962,   79.9994,    44.375
 27984.6, 5235.45,  -98.89,  -16.40,    34.962,   79.9994,    44.375
 27984.8, 5233.07,  -96.99,  -16.59,    34.962,   79.9994,    44.375
 27985.0, 5237.92,  -98.27,  -16.89,    34.964,   79.9995,    44.375
 27985.2, 5232.99, -102.32,  -17.05,    34.970,   79.9997,    44.375
 27985.4, 5235.82,  -98.05,  -16.76,    34.991,   79.9997,    44.375
 27985.6, 5249.72, -100.64,  -17.60,    35.058,   79.9997,    44.375
 27985.8, 5241.31, -103.21,  -16.36,    35.082,   79.9997,    44.375
 27986.0, 5239.29, -102.58,  -16.37,    35.029,   79.9997,    44.375
 27986.2, 5237.43,  -95.07,  -17.20,    34.987,   79.9997,    44.375
 27986.5, 5231.98,  -96.58,  -16.39,    34.987,   79.9997,    44.375
 27986.7, 5229.53, -103.91,  -16.27,    34.988,   79.9997,    44.375
 27986.8, 5226.78, -104.49,  -16.45,    34.978,   79.9997,    44.388
 27987.0, 5230.30,  -97.27,  -16.87,    34.941,   79.9997,    44.438
 27987.2, 5237.76,  -93.32,  -17.91,    35.024,   79.9997,    44.438
 27987.4, 5238.79, -104.56,  -16.05,    35.042,   79.9997,    44.395
 27987.6, 5243.20,  -97.84,  -17.02,    35.000,   79.9997,    44.375
 27987.8, 5237.10,  -96.26,  -16.43,    34.981,   79.9997,    44.375
 27988.0, 5233.33, -103.41,  -15.62,    35.006,   79.9997,    44.375
 27988.2, 5245.77, -103.16,  -16.64,    35.036,   79.9997,    44.375
 27988.4, 5253.86,  -96.04,  -17.38,    35.063,   79.9997,    44.375
 27988.6, 5239.54,  -93.35,  -14.67,    35.057,   79.9997,    44.375
 27988.8, 5233.27,  -99.38,  -14.32,    35.029,   79.9997,    44.375
 27989.0, 5243.05,  -99.59,  -17.43,    34.968,   79.9997,    44.375
 27989.2, 5224.08,  -90.91,  -13.82,    34.988,   79.9997,    44.375
 27989.4, 5244.75, -101.37,  -18.14,    34.993,   79.9997,    44.375
 27989.6, 5228.20,  -98.16,  -15.13,    35.078,   80.0003,    44.375
 27989.8, 5239.12,  -97.80,  -17.27,    35.078,   80.0003,    44.375
 27990.0, 5241.54,  -96.83,  -16.69,    35.078,   80.0003,    44.375
 27990.2, 5247.41,  -99.71,  -16.41,    35.078,   80.0003,    44.375
 27990.4, 5249.88,  -94.29,  -16.60,    35.078,   80.0003,    44.375
 27990.6, 5246.57,  -98.26,  -16.18,    35.078,   80.0003,    44.375
 27990.8, 5248.38,  -96.55,  -16.82,    35.049,   80.0003,    44.375
 27991.0, 5241.20,  -99.89,  -16.02,    35.043,   80.0003,    44.375
 27991.2, 5253.03,  -97.81,  -17.52,    35.051,   80.0003,    44.375
 27991.4, 5247.34,  -98.39,  -16.63,    35.051,   80.0003,    44.375
 27991.6, 5250.61, -102.58,  -17.30,    35.034,   80.0003,    44.375
 27991.8, 5253.75,  -95.41,  -17.23,    35.031,   80.0003,    44.375
 27992.0, 5250.42, -104.16,  -16.78,    35.067,   80.0003,    44.375
 27992.2, 5230.68,  -96.28,  -13.95,    35.088,   80.0003,    44.375
 27992.4, 5243.48,  -91.20,  -16.43,    35.082,   80.0003,    44.375
 27992.7, 5239.66,  -99.23,  -15.83,    35.048,   80.0003,    44.375
 27992.9, 5228.12,  -98.91,  -15.32,    35.021,   80.0003,    44.375
 27993.1, 5238.86, -101.71,  -17.28,    35.003,   80.0003,    44.375
 27993.3, 5236.28,  -94.17,  -16.83,    35.025,   80.0003,    44.375
 27993.5, 5227.39,  -99.03,  -16.47,    34.948,   80.0003,    44.375
 27993.7, 5226.89,  -97.91,  -15.35,    34.996,   80.0003,    44.375
 27993.9, 5232.07, -100.92,  -15.28,    35.029,   80.0003,    44.375
 27994.1, 5249.18,  -96.31,  -17.63,    35.046,   80.0003,    44.389
 27994.3, 5223.43,  -95.95,  -14.99,    35.020,   80.0003,    44.438
 27994.5, 5225.74, -101.60,  -16.01,    34.976,   80.0003,    44.438
 27994.7, 5232.10,  -98.62,  -16.97,    34.971,   80.0003,    44.438
 27994.9, 5230.31, -101.90,  -17.16,    34.964,   80.0002,    44.411
 27995.1, 5230.87, -105.00,  -17.45,    35.010,   80.0001,    44.375
 27995.3, 5230.57, -101.54,  -16.94,    35.010,   80.0001,    44.375
 27995.5, 5227.15, -105.00,  -17.42,    35.010,   80.0001,    44.375
 27995.7, 5232.41,  -99.37,  -17.61,    35.010,   80.0001,    44.375
 27995.9, 5223.60,  -95.27,  -15.45,    35.008,   80.0001,    44.375
 27996.1, 5235.28,  -99.92,  -17.54,    34.966,   80.0001,    44.375
 27996.3, 5224.72,  -95.06,  -15.86,    34.966,   80.0001,    44.375
 27996.5, 5236.87, -101.54,  -17.71,    34.952,   80.0001,    44.375
 27996.7, 5234.63, -104.89,  -17.55,    34.939,   80.0001,    44.375
 27996.9, 5226.44,  -95.85,  -16.17,    34.955,   80.0001,    44.375
 27997.1, 5230.71,  -98.25,  -16.57,    34.979,   80.0001,    44.375
 27997.3, 5242.67, -107.47,  -16.92,    35.035,   80.0001,    44.375
 27997.5, 5238.19,  -99.89,  -17.12,    35.014,   80.0001,    44.375
 27997.7, 5241.60,  -97.51,  -16.87,    35.020,   80.0001,    44.375
 27997.9, 5238.03, -100.73,  -16.49,    35.033,   80.0001,    44.375
 27998.1, 5247.71, -101.79,  -15.84,    35.056,   80.0001,    44.375
 27998.3, 5247.12,  -94.03,  -16.18,    35.048,   80.0001,    44.375
 27998.5, 5238.80,  -95.05,  -16.93,    35.002,   80.0001,    44.375
 27998.7, 5234.73,  -93.39,  -16.80,    35.011,   80.0001,    44.375
 27998.9, 5247.04,  -99.24,  -16.93,    35.012,   80.0001,    44.375
 27999.1, 5245.59,  -95.25,  -16.66,    35.012,   80.0001,    44.375
 27999.3, 5239.01, -104.92,  -17.64,    34.965,   80.0001,    44.375
 27999.5, 5237.37, -104.84,  -16.88,    34.964,   80.0001,    44.375
 27999.7, 5244.18,  -96.89,  -17.34,    35.053,   80.0001,    44.375
 27999.9, 5233.73,  -99.52,  -17.02,    34.952,   80.0003,    44.375
 28000.1, 5239.78, -104.09,  -18.08,    34.963,   80.0003,    44.375
 28000.3, 5240.50,  -96.97,  -17.32,    34.989,   80.0003,    44.375
 28000.5, 5246.78,  -99.19,  -17.32,    35.009,   80.0003,    44.375
 28000.7, 5249.44, -107.29,  -17.46,    35.009,   80.0003,    44.375
 28000.9, 5247.77,  -97.53,  -16.67,    35.009,   80.0003,    44.375
 28001.1, 5241.00, -103.47,  -16.27,    35.009,   80.0003,    44.375
 28001.3, 5246.07, -102.09,  -17.32,    35.023,   80.0003,    44.394
 28001.5, 5241.04,  -99.37,  -17.26,    35.074,   80.0003,    44.438
 28001.7, 5241.49, -101.47,  -16.77,    35.074,   80.0003,    44.438
 28001.9, 5243.24, -103.29,  -17.31,    35.074,   80.0003,    44.438
 28002.1, 5255.46, -100.27,  -17.52,    35.010,   80.0003,    44.414
 28002.3, 5236.25, -101.42,  -17.65,    34.904,   80.0003,    44.375
 28002.5, 5235.15,  -97.62,  -17.73,    34.907,   80.0003,    44.375
 28002.7, 5236.59, -101.27,  -17.25,    34.934,   80.0003,    44.375
 28002.9, 5230.06,  -97.50,  -16.81,    34.941,   80.0003,    44.375
 28003.1, 5233.23,  -95.25,  -16.79,    34.955,   80.0003,    44.375
 28003.3, 5237.03,  -97.66,  -16.97,    34.971,   80.0003,    44.375
 28003.5, 5232.44,  -97.48,  -17.09,    34.966,   80.0003,    44.375
 28003.7, 5227.69,  -96.31,  -16.71,    35.063,   80.0003,    44.375
 28003.9, 5241.82, -103.61,  -17.10,    35.069,   80.0003,    44.375
 28004.1, 5231.30, -101.19,  -15.75,    35.046,   80.0003,    44.375
 28004.3, 5227.73, -102.03,  -17.50,    34.987,   80.0003,    44.375
 28004.5, 5239.70,  -93.50,  -17.31,    34.919,   80.0003,    44.375
 28004.7, 5238.47,  -98.72,  -17.47,    34.997,   80.0003,    44.375
 28004.9, 5244.53,  -90.20,  -17.49,    34.997,   80.0003,    44.375
 28005.1, 5239.96,  -98.90,  -17.46,    35.021,   80.0003,    44.375
 28005.3, 5234.92, -101.23,  -17.26,    35.043,   80.0003,    44.375
 28005.5, 5237.89,  -96.99,  -17.65,    34.993,   80.0004,    44.375
 28005.7, 5231.85,  -95.71,  -16.98,    34.962,   80.0004,    44.375
 28005.9, 5221.83, -110.13,  -16.79,    34.974,   80.0004,    44.375
 28006.1, 5237.76,  -93.60,  -17.19,    34.974,   80.0004,    44.375
 28006.3, 5231.46,  -97.93,  -17.17,    34.974,   80.0004,    44.375
 28006.5, 5229.80,  -95.89,  -16.68,    34.974,   80.0004,    44.375
 28006.7, 5235.44, -100.48,  -17.75,    34.974,   80.0004,    44.375
 28006.9, 5239.08,  -96.77,  -17.31,    34.974,   80.0004,    44.375
 28007.1, 5235.95,  -97.79,  -17.88,    34.968,   80.0004,    44.375
 28007.3, 5231.63, -103.17,  -17.28,    34.948,   80.0004,    44.375
 28007.5, 5232.60, -101.30,  -16.28,    34.948,   80.0004,    44.375
 28007.7, 5240.94,  -96.54,  -17.46,    34.981,   80.0004,    44.375
 28007.9, 5240.19,  -96.84,  -17.48,    35.021,   80.0004,    44.375
 28008.1, 5241.44, -101.90,  -16.92,    35.021,   80.0004,    44.375
 28008.3, 5245.96,  -98.93,  -18.10,    35.019,   80.0004,    44.383
 28008.5, 5240.04,  -96.52,  -17.10,    35.005,   80.0004,    44.438
 28008.7, 5243.15, -100.92,  -17.18,    35.005,   80.0004,    44.438
 28008.9, 5237.77, -101.64,  -16.84,    35.001,   80.0004,    44.438
 28009.1, 5240.88, -100.96,  -17.61,    34.995,   80.0004,    44.404
 28009.3, 5239.86,  -95.89,  -16.97,    34.980,   80.0004,    44.375
