WISPER_raw_data/WISPER_20160930_rawField.ict
40, 1001
David Noone
Oregon State University
Water Vapor Isotopic Analyzer (Picarro L2120i) - H2O concentration, D/H and 18O/16O isotope ratios (delta notation)
ORACLES
1, 1
2016, 09, 30, 2016, 09, 30
0
Start_UTC, seconds
6
1, 1, 1, 1, 1, 1
-9999, -9999, -9999, -9999, -9999, -9999
H2O_ppmv, ppmv
dD_permil, permil
d18O_permil, permil
pressure_cavity, torr
temp_cavity, degrees_celcius
temp_das, degrees_celcius
0
18
PI_CONTACT_INFO: Address: David Noone, CEOAS, Oregon State University, Corvallis OR 97331; email: nooned@oregonstate.edu
PLATFORM: NASA P3B (N426NA), sampling port side foward window from forward facing diffuser inlet
LOCATION: Aircraft location data decribed elsewhere
ASSOCIATED_DATA: see http://espoarchive.nasa.gov/archive/browse/oracles
INSTRUMENT_INFO: Water Vapor Isotopic Analyzer (Picarro L2120-i): cavity-ringdown tunable diode laser spectoscopy.
DATA_INFO: Units are ppmv for H2O and permil relative to SMOW for d18O and dD.
UNCERTAINTY: The absolute accuracy humidity dependent is in the range 1 % for H2O, 1 permil for dD and 0.5 permil for d18O.
ULOD_FLAG: -7777
ULOD_VALUE: N/A
LLOD_FLAG: -8888
LLOD_VALUE: N/A
DM_CONTACT_INFO: David Noone; Oregon State University; nooned@oregonstate.edu
PROJECT_INFO: ORACLES Mission August-October 2016; Southeast Atlantic/Walvis Bay, Namibia
STIPULATIONS_ON_USE: Until made public, only the ORACLES science team is allowed to use this data, per the ORACLES data protocol.
OTHER_COMMENTS: Data is uncalibrated, uncheck and not useful for science at this level
REVISION: RAW
RAW: Raw translation of Picarro output files to ICARTT format
Start_UTC, H2O_ppmv, dD_permil, d18O_permil, pressure_cavity, temp_cavity, temp_das
 36136.3,31122.79,  -37.25,  -16.17,    35.048,   78.3955,    37.812
 36138.4,31009.95,  -17.89,  -17.09,    34.973,   78.4029,    37.812
[from data line 6725]
 47923.9, 1442.21, -272.35,  -37.96,    35.030,   80.0014,    42.500
 47925.6, 1444.76, -284.57,  -39.25,    35.008,   80.0022,    42.500
 47927.3, 1473.38, -266.57,  -40.12,    35.010,   80.0022,    42.500
 47929.0, 1519.76, -279.05,  -39.95,    34.987,   80.0022,    42.500
 47930.6, 1579.21, -274.31,  -37.68,    34.975,   80.0022,    42.500
 47933.7, 1681.46, -271.70,  -38.93,    34.984,   80.0023,    42.471
 47935.4, 1715.16, -282.52,  -38.48,    35.013,   80.0027,    42.481
 47937.0, 1731.58, -257.83,  -41.08,    35.015,   80.0027,    42.500
 47938.6, 1721.71, -278.85,  -39.89,    35.006,   80.0027,    42.464
 47940.3, 1702.75, -275.96,  -38.45,    34.991,   80.0028,    42.500
 47942.0, 1684.80, -272.40,  -36.32,    34.996,   80.0028,    42.500
 47943.9, 1682.69, -280.95,  -37.10,    35.008,   80.0027,    42.500
 47945.6, 1687.01, -288.75,  -35.79,    34.990,   80.0024,    42.500
 47947.2, 1700.35, -279.43,  -38.24,    35.012,   80.0024,    42.500
 47948.9, 1710.58, -276.74,  -40.35,    34.993,   80.0024,    42.467
 47950.6, 1718.26, -285.55,  -36.03,    35.030,   80.0019,    42.490
 47952.4, 1735.45, -273.89,  -35.54,    34.997,   80.0018,    42.483
 47954.1, 1762.21, -260.50,  -37.72,    34.997,   80.0018,    42.500
 47955.7, 1788.70, -255.57,  -38.76,    35.011,   80.0007,    42.500
 47957.4, 1797.55, -291.50,  -37.04,    34.999,   80.0006,    42.479
 47959.0, 1796.75, -247.87,  -38.08,    35.001,   80.0006,    42.497
 47960.7, 1781.40, -225.31,  -36.98,    35.012,   80.0003,    42.464
 47962.5, 1763.20, -272.44,  -37.87,    34.975,   80.0003,    42.439
 47965.6, 1748.28, -261.43,  -37.20,    35.010,   79.9996,    42.467
 47967.4, 1748.75, -265.87,  -36.39,    35.002,   79.9994,    42.462
 47969.2, 1757.05, -286.17,  -38.41,    34.963,   79.9990,    42.488
 47970.9, 1757.27, -301.70,  -35.21,    34.986,   79.9970,    42.438
 47972.7, 1758.36, -275.77,  -36.81,    35.010,   79.9970,    42.468
 47974.4, 1749.39, -275.79,  -37.34,    34.999,   79.9969,    42.500
 47976.0, 1734.62, -242.05,  -37.96,    34.972,   79.9961,    42.481
 47977.6, 1714.37, -310.96,  -36.66,    35.013,   79.9961,    42.466
 47979.3, 1688.40, -277.43,  -36.23,    34.998,   79.9962,    42.466
 47980.9, 1664.55, -258.09,  -37.07,    34.993,   79.9965,    42.467
 47982.6, 1640.66, -242.66,  -37.26,    34.998,   79.9965,    42.475
 47984.2, 1621.96, -268.57,  -38.64,    35.007,   79.9964,    42.448
 47985.8, 1603.42, -250.96,  -39.08,    35.020,   79.9964,    42.444
 47987.5, 1582.45, -272.36,  -38.25,    35.011,   79.9964,    42.452
 47989.2, 1556.39, -255.27,  -36.92,    34.992,   79.9964,    42.457
 47990.8, 1528.63, -264.68,  -36.45,    35.008,   79.9973,    42.458
 47992.5, 1494.81, -290.62,  -36.74,    35.009,   79.9974,    42.439
 47994.2, 1459.42, -286.47,  -39.25,    34.992,   79.9974,    42.454
 47997.3, 1373.02, -262.25,  -36.33,    35.013,   79.9977,    42.489
 47999.0, 1316.29, -279.86,  -37.03,    35.007,   79.9978,    42.462
 48000.7, 1257.05, -329.23,  -37.66,    34.991,   79.9982,    42.500
 48002.4, 1199.42, -268.10,  -37.56,    35.011,   79.9982,    42.462
 48004.1, 1140.55, -306.92,  -37.45,    35.004,   79.9982,    42.479
 48005.8, 1094.88, -292.02,  -38.64,    34.969,   79.9983,    42.500
 48007.5, 1060.94, -319.31,  -40.16,    34.975,   79.9983,    42.462
 48009.2, 1041.48, -256.91,  -41.10,    34.992,   79.9983,    42.476
 48010.9, 1033.01, -299.02,  -39.94,    35.022,   79.9979,    42.500
 48012.6, 1043.51, -257.54,  -39.64,    34.996,   79.9979,    42.483
 48014.3, 1075.17, -230.08,  -39.15,    34.990,   79.9975,    42.473
 48016.0, 1129.29, -315.45,  -39.91,    35.010,   79.9970,    42.454
 48017.7, 1204.18, -286.27,  -42.54,    34.983,   79.9970,    42.438
 48019.3, 1275.23, -297.28,  -42.25,    35.010,   79.9970,    42.479
 48020.9, 1341.45, -278.75,  -42.61,    34.996,   79.9967,    42.479
 48022.6, 1398.85, -275.11,  -40.78,    34.987,   79.9967,    42.491
 48024.2, 1442.98, -288.86,  -39.23,    35.013,   79.9964,    42.472
 48025.9, 1477.47, -279.19,  -39.44,    34.990,   79.9953,    42.464
 48029.0, 1520.84, -271.33,  -42.57,    35.003,   79.9953,    42.500
 48030.8, 1536.43, -315.17,  -41.46,    34.995,   79.9950,    42.500
 48032.5, 1553.58, -308.68,  -39.34,    35.000,   79.9950,    42.490
 48034.3, 1576.00, -296.52,  -39.35,    35.004,   79.9950,    42.473
 48036.1, 1603.82, -256.71,  -39.98,    34.995,   79.9951,    42.474
 48037.8, 1619.42, -266.26,  -38.56,    34.994,   79.9951,    42.483
 48039.4, 1631.62, -301.91,  -38.43,    34.993,   79.9951,    42.500
 48041.0, 1639.94, -289.21,  -38.92,    35.005,   79.9953,    42.500
 48042.7, 1641.48, -286.36,  -40.50,    34.997,   79.9953,    42.482
 48044.3, 1631.16, -297.86,  -39.81,    35.007,   79.9954,    42.500
 48046.0, 1613.43, -244.05,  -40.42,    35.000,   79.9955,    42.500
 48047.6, 1584.36, -254.35,  -38.62,    35.025,   79.9955,    42.500
 48049.3, 1553.01, -262.19,  -37.96,    34.995,   79.9954,    42.500
 48050.9, 1521.07, -246.61,  -39.92,    34.999,   79.9948,    42.500
 48052.5, 1494.22, -278.44,  -40.28,    34.993,   79.9948,    42.500
 48054.1, 1466.94, -280.80,  -36.97,    35.000,   79.9948,    42.500
 48055.8, 1450.49, -262.15,  -37.76,    34.986,   79.9965,    42.482
 48057.5, 1439.42, -248.53,  -39.81,    34.988,   79.9966,    42.500
 48060.5, 1432.58, -290.04,  -40.51,    35.030,   79.9974,    42.500
 48062.2, 1428.66, -276.28,  -39.17,    35.012,   79.9974,    42.478
 48063.8, 1424.79, -235.94,  -39.70,    35.026,   79.9974,    42.500
 48065.5, 1413.03, -267.72,  -38.41,    35.011,   79.9979,    42.500
 48067.2, 1401.37, -278.48,  -38.57,    34.996,   79.9981,    42.500
 48068.9, 1391.39, -287.77,  -39.93,    34.989,   79.9981,    42.500
 48070.6, 1382.74, -292.92,  -39.83,    35.006,   79.9992,    42.500
 48072.3, 1377.92, -279.84,  -40.32,    35.019,   79.9993,    42.483
 48074.1, 1381.63, -271.69,  -40.89,    34.969,   79.9993,    42.480
 48075.7, 1388.05, -273.10,  -40.17,    34.995,   79.9997,    42.500
 48077.4, 1398.31, -293.02,  -38.37,    35.016,   79.9997,    42.500
 48079.2, 1419.77, -285.10,  -38.94,    34.999,   79.9997,    42.483
 48080.9, 1441.81, -287.10,  -39.64,    34.960,   79.9993,    42.500
 48082.6, 1460.74, -291.60,  -38.13,    34.993,   79.9993,    42.500
 48084.2, 1484.33, -261.86,  -41.06,    35.019,   79.9991,    42.500
 48085.8, 1497.94, -284.57,  -41.09,    35.001,   79.9986,    42.500
 48087.5, 1513.80, -271.09,  -41.52,    35.001,   79.9986,    42.500
 48089.1, 1525.31, -288.17,  -40.16,    34.992,   79.9986,    42.500
 48092.2, 1532.56, -302.86,  -38.23,    35.002,   79.9985,    42.500
 48093.9, 1544.83, -218.08,  -42.73,    35.023,   79.9985,    42.500
 48095.5, 1541.57, -266.16,  -40.65,    35.000,   79.9983,    42.500
 48097.3, 1529.11, -264.89,  -39.84,    34.982,   79.9983,    42.500
 48099.1, 1508.27, -296.79,  -38.01,    35.018,   79.9983,    42.500
 48100.8, 1484.73, -263.29,  -39.37,    35.009,   79.9983,    42.500
 48102.5, 1453.37, -303.17,  -36.80,    35.004,   79.9983,    42.500
 48104.3, 1425.62, -285.13,  -36.76,    34.999,   79.9983,    42.500
 48106.0, 1404.71, -251.70,  -39.42,    35.006,   79.9987,    42.500
 48107.8, 1381.72, -252.99,  -40.95,    35.016,   79.9987,    42.500
 48109.4, 1355.85, -249.67,  -40.45,    34.996,   79.9986,    42.500
 48111.1, 1336.55, -280.10,  -41.65,    34.982,   79.9985,    42.500
 48112.9, 1311.22, -271.83,  -39.64,    34.986,   79.9985,    42.500
 48114.5, 1300.51, -292.72,  -39.31,    34.977,   79.9981,    42.500
 48116.3, 1300.41, -287.13,  -39.95,    35.000,   79.9979,    42.500
 48117.9, 1311.02, -300.59,  -41.42,    34.995,   79.9979,    42.500
 48119.5, 1329.97, -223.20,  -42.37,    34.987,   79.9976,    42.500
 48121.2, 1347.21, -273.64,  -39.92,    35.013,   79.9972,    42.500
 48124.3, 1388.70, -323.31,  -38.94,    35.003,   79.9973,    42.500
 48125.9, 1411.09, -262.43,  -41.13,    35.012,   79.9979,    42.500
 48127.5, 1417.91, -299.87,  -41.91,    34.989,   79.9979,    42.488
 48129.2, 1401.40, -274.24,  -40.85,    34.998,   79.9977,    42.490
 48130.9, 1366.01, -219.48,  -40.20,    34.990,   79.9972,    42.500
 48132.7, 1309.42, -282.18,  -37.57,    34.996,   79.9972,    42.500
 48134.4, 1258.75, -258.32,  -39.36,    35.001,   79.9974,    42.500
 48136.1, 1207.15, -294.21,  -38.76,    35.028,   79.9981,    42.500
 48137.9, 1165.44, -262.09,  -40.74,    35.022,   79.9981,    42.500
 48139.6, 1137.00, -265.83,  -41.13,    35.013,   79.9982,    42.500
 48141.2, 1123.69, -240.03,  -42.39,    34.995,   79.9988,    42.500
 48142.8, 1118.31, -305.37,  -39.84,    34.999,   79.9988,    42.500
 48144.5, 1138.18, -277.64,  -41.43,    35.010,   79.9996,    42.500
 48146.3, 1171.34, -264.78,  -39.29,    35.001,   80.0012,    42.500
 48148.0, 1212.74, -276.76,  -40.29,    35.013,   80.0012,    42.500
 48149.7, 1250.48, -336.62,  -40.19,    35.020,   80.0014,    42.500
 48151.5, 1284.25, -302.83,  -40.93,    34.995,   80.0015,    42.500
 48153.3, 1312.10, -301.62,  -43.08,    34.979,   80.0015,    42.482
 48156.3, 1344.51, -268.15,  -42.23,    35.000,   80.0014,    42.500
 48157.9, 1361.42, -252.38,  -41.52,    34.999,   80.0014,    42.500
 48159.5, 1379.89, -281.25,  -40.98,    34.989,   80.0014,    42.500
 48161.2, 1409.56, -287.81,  -41.72,    35.005,   80.0015,    42.500
 48162.9, 1444.07, -272.01,  -42.88,    35.016,   80.0015,    42.500
 48164.6, 1479.29, -288.15,  -43.34,    34.986,   80.0013,    42.500
 48166.3, 1509.24, -292.61,  -41.38,    35.004,   80.0010,    42.500
 48168.0, 1530.07, -283.25,  -41.46,    35.010,   80.0010,    42.500
 48169.6, 1529.29, -262.31,  -41.39,    35.009,   80.0010,    42.500
 48171.4, 1500.37, -279.22,  -38.43,    34.995,   80.0009,    42.500
 48173.1, 1452.37, -275.34,  -38.28,    35.019,   80.0009,    42.500
 48174.8, 1396.81, -279.84,  -42.53,    34.997,   80.0018,    42.500
 48176.4, 1349.50, -277.54,  -41.70,    34.997,   80.0024,    42.500
 48178.1, 1318.57, -233.96,  -39.33,    34.997,   80.0024,    42.500
 48179.8, 1316.34, -291.31,  -38.09,    35.003,   80.0020,    42.500
 48181.5, 1346.11, -307.77,  -39.60,    35.008,   80.0015,    42.500
 48183.2, 1389.97, -343.27,  -41.09,    35.002,   80.0015,    42.500
 48184.9, 1443.09, -280.10,  -39.35,    34.991,   80.0017,    42.500
 48187.9, 1513.90, -300.08,  -39.15,    34.982,   80.0018,    42.500
 48189.6, 1519.63, -293.30,  -39.28,    34.978,   80.0017,    42.500
 48191.3, 1493.08, -334.56,  -39.81,    35.016,   80.0015,    42.500
 48193.0, 1443.20, -293.79,  -40.64,    35.026,   80.0015,    42.500
 48194.8, 1369.46, -252.72,  -42.52,    34.980,   80.0012,    42.500
 48196.5, 1288.95, -292.64,  -38.43,    34.986,   80.0010,    42.500
 48198.2, 1213.34, -287.80,  -38.12,    34.996,   80.0010,    42.500
 48199.8, 1148.27, -250.26,  -38.84,    34.995,   80.0014,    42.500
 48201.5, 1091.29, -256.29,  -41.81,    35.008,   80.0017,    42.500
 48203.1, 1039.42, -259.35,  -39.99,    35.004,   80.0017,    42.500
 48204.8,  997.23, -293.01,  -40.98,    35.005,   80.0023,    42.500
 48206.4,  960.99, -279.06,  -37.57,    34.981,   80.0026,    42.500
 48208.0,  935.21, -270.40,  -42.30,    35.024,   80.0026,    42.500
 48209.7,  904.52, -283.72,  -42.72,    35.018,   80.0029,    42.500
 48211.4,  873.96, -304.85,  -41.49,    34.983,   80.0032,    42.500
 48213.1,  842.57, -321.06,  -36.60,    35.020,   80.0032,    42.500
 48214.8,  817.49, -347.42,  -39.24,    35.016,   80.0037,    42.500
 48216.5,  798.60, -302.49,  -44.27,    35.002,   80.0047,    42.500
 48219.5,  762.45, -346.89,  -38.46,    35.008,   80.0051,    42.500
 48221.2,  751.61, -201.40,  -44.23,    35.043,   80.0060,    42.500
 48222.8,  734.60, -355.48,  -42.41,    34.995,   80.0060,    42.500
 48224.5,  723.21, -255.12,  -45.53,    34.996,   80.0062,    42.500
 48226.3,  709.86, -232.77,  -44.66,    35.015,   80.0065,    42.500
 48228.0,  694.52, -284.79,  -43.80,    34.985,   80.0065,    42.500
 48229.7,  683.59, -257.29,  -45.06,    35.010,   80.0066,    42.500
 48231.5,  671.57, -282.83,  -44.87,    35.001,   80.0067,    42.500
 48233.3,  660.85, -298.69,  -43.46,    35.000,   80.0067,    42.500
 48235.0,  651.06, -303.12,  -43.42,    34.980,   80.0059,    42.500
 48236.7,  641.60, -333.31,  -44.00,    34.977,   80.0053,    42.500
 48238.3,  637.54, -243.05,  -46.77,    35.007,   80.0053,    42.500
 48240.0,  629.74, -381.30,  -45.70,    35.007,   80.0061,    42.500
 48241.6,  627.67, -234.18,  -49.32,    35.010,   80.0065,    42.500
 48243.3,  623.24, -276.61,  -46.00,    34.994,   80.0065,    42.500
 48245.0,  619.60, -261.93,  -44.90,    35.006,   80.0064,    42.500
 48246.7,  618.68, -264.29,  -49.39,    35.001,   80.0063,    42.500
 48248.3,  616.72, -409.30,  -51.43,    35.010,   80.0063,    42.500
 48251.4,  609.67, -351.54,  -43.17,    35.001,   80.0042,    42.500
 48253.1,  613.42, -297.55,  -51.61,    35.004,   80.0042,    42.500
 48254.7,  614.18, -144.80,  -56.35,    35.007,   80.0045,    42.500
 48256.4,  606.51, -196.89,  -45.81,    34.982,   80.0050,    42.500
 48258.1,  605.03, -297.00,  -47.16,    35.002,   80.0050,    42.500
 48259.7,  606.54, -278.50,  -53.67,    35.004,   80.0054,    42.500
 48261.3,  606.28, -278.61,  -54.63,    35.001,   80.0058,    42.500
 48263.0,  605.17, -284.36,  -53.99,    35.018,   80.0058,    42.500
 48264.7,  599.84, -405.75,  -46.44,    34.994,   80.0058,    42.500
 48266.3,  599.71, -368.62,  -48.25,    35.002,   80.0059,    42.500
 48268.0,  601.69, -316.79,  -52.47,    35.012,   80.0059,    42.500
 48269.7,  601.27, -335.02,  -51.86,    35.010,   80.0063,    42.500
 48271.5,  604.68, -339.52,  -56.46,    34.998,   80.0068,    42.500
 48273.2,  603.24, -301.80,  -54.99,    35.007,   80.0068,    42.500
 48275.1,  604.13, -423.59,  -52.69,    35.018,   80.0068,    42.500
 48276.8,  603.37, -313.80,  -53.52,    34.993,   80.0067,    42.500
 48278.6,  601.83, -399.99,  -47.34,    34.987,   80.0067,    42.500
 48280.3,  608.42, -265.40,  -56.64,    35.018,   80.0072,    42.500
 48283.3,  608.16, -312.53,  -51.15,    34.994,   80.0074,    42.500
 48285.0,  609.37, -300.86,  -53.56,    35.024,   80.0076,    42.500
 48286.6,  610.99, -376.17,  -58.06,    34.993,   80.0077,    42.500
 48288.2,  608.93, -278.91,  -55.56,    35.002,   80.0077,    42.500
 48289.8,  608.51, -313.14,  -52.83,    35.007,   80.0074,    42.500
 48291.5,  608.03, -323.36,  -55.23,    34.993,   80.0071,    42.500
 48293.1,  607.44, -388.72,  -55.57,    34.983,   80.0071,    42.500
 48294.8,  606.73, -286.92,  -55.05,    35.008,   80.0054,    42.500
 48296.6,  603.86, -329.10,  -52.76,    34.994,   80.0052,    42.500
 48298.3,  606.48, -349.65,  -56.57,    35.001,   80.0052,    42.500
 48299.9,  605.27, -424.56,  -57.77,    35.003,   80.0044,    42.500
 48301.6,  607.71, -329.91,  -60.13,    35.006,   80.0043,    42.500
 48303.3,  600.16, -447.72,  -50.40,    34.999,   80.0043,    42.500
 48305.0,  600.96, -221.30,  -54.01,    34.987,   80.0022,    42.500
 48306.7,  596.56, -362.25,  -55.47,    35.016,   80.0013,    42.500
 48308.3,  598.81, -370.86,  -59.37,    35.007,   80.0013,    42.500
 48309.9,  600.50, -298.81,  -62.47,    35.018,   80.0013,    42.500
 48311.5,  596.78, -235.59,  -58.84,    35.001,   80.0013,    42.500
 48314.5,  593.85, -349.74,  -60.74,    34.995,   80.0015,    42.500
 48316.2,  593.66, -329.64,  -61.99,    35.014,   80.0020,    42.500
 48317.8,  586.89, -356.55,  -52.69,    35.012,   80.0020,    42.500
 48319.5,  586.05, -327.50,  -55.90,    34.998,   80.0014,    42.500
 48321.1,  587.00, -335.44,  -59.13,    35.011,   80.0007,    42.500
 48322.7,  588.52, -323.41,  -61.55,    35.003,   80.0007,    42.500
 48324.4,  582.95, -273.01,  -58.72,    34.992,   80.0010,    42.500
 48326.2,  580.80, -350.02,  -58.22,    34.988,   80.0016,    42.500
 48327.9,  576.68, -392.60,  -58.66,    34.975,   80.0016,    42.500
 48329.6,  571.82, -340.20,  -56.81,    34.989,   80.0022,    42.500
