WISPER_raw_data/WISPER_20160830_rawField.ict
40, 1001
David Noone
Oregon State University
Water Vapor Isotopic Analyzer (Picarro L2120i) - H2O concentration, D/H and 18O/16O isotope ratios (delta notation)
ORACLES
1, 1
2016, 08, 30, 2016, 08, 30
0
Start_UTC, seconds
6
1, 1, 1, 1, 1, 1
-9999, -9999, -9999, -9999, -9999, -9999
H2O_ppmv, ppmv
dD_permil, permil
d18O_permil, permil
pressure_cavity, torr
temp_cavity, degrees_celcius
temp_das, degrees_celcius
0
18
PI_CONTACT_INFO: Address: David Noone, CEOAS, Oregon State University, Corvallis OR 97331; email: nooned@oregonstate.edu
PLATFORM: NASA P3B (N426NA), sampling port side foward window from forward facing diffuser inlet
LOCATION: Aircraft location data decribed elsewhere
ASSOCIATED_DATA: see http://espoarchive.nasa.gov/archive/browse/oracles
INSTRUMENT_INFO: Water Vapor Isotopic Analyzer (Picarro L2120-i): cavity-ringdown tunable diode laser spectoscopy.
DATA_INFO: Units are ppmv for H2O and permil relative to SMOW for d18O and dD.
UNCERTAINTY: The absolute accuracy humidity dependent is in the range 1 % for H2O, 1 permil for dD and 0.5 permil for d18O.
ULOD_FLAG: -7777
ULOD_VALUE: N/A
LLOD_FLAG: -8888
LLOD_VALUE: N/A
DM_CONTACT_INFO: David Noone; Oregon State University; nooned@oregonstate.edu
PROJECT_INFO: ORACLES Mission August-October 2016; Southeast Atlantic/Walvis Bay, Namibia
STIPULATIONS_ON_USE: Until made public, only the ORACLES science team is allowed to use this data, per the ORACLES data protocol.
OTHER_COMMENTS: Data is uncalibrated, uncheck and not useful for science at this level
REVISION: RAW
RAW: Raw translation of Picarro output files to ICARTT format
Start_UTC, H2O_ppmv, dD_permil, d18O_permil, pressure_cavity, temp_cavity, temp_das
 22753.2,16089.64,  -62.23,  -19.32,    34.987,   78.2884,    35.188
 22753.5,15908.35,  -59.35,  -15.13,    35.008,   78.2884,    35.188
[from data line 15073]
 25978.3, 5939.75,  -93.71,  -16.23,    35.015,   80.0013,    42.000
 25978.5, 5926.16,  -97.66,  -15.77,    35.011,   80.0013,    41.996
 25978.7, 5911.20,  -92.91,  -15.86,    34.959,   80.0013,    41.938
 25978.9, 5904.52,  -95.67,  -16.26,    34.988,   80.0013,    41.938
 25979.1, 5889.86,  -97.74,  -16.58,    35.016,   80.0013,    41.986
 25979.3, 5879.31,  -91.85,  -16.75,    35.024,   80.0013,    42.000
 25979.6, 5874.72,  -98.18,  -16.50,    35.024,   80.0013,    42.000
 25979.8, 5872.73,  -96.37,  -16.28,    35.024,   80.0013,    42.000
 25980.0, 5870.62,  -93.36,  -16.52,    35.024,   80.0013,    42.000
 25980.2, 5863.57,  -94.51,  -15.63,    34.992,   80.0018,    42.000
 25980.4, 5872.85,  -90.50,  -16.89,    35.039,   80.0019,    42.000
 25980.6, 5872.78,  -91.40,  -16.27,    35.080,   80.0019,    42.000
 25980.8, 5863.57,  -98.27,  -15.47,    35.079,   80.0019,    42.000
 25981.0, 5862.39,  -95.62,  -15.73,    35.032,   80.0019,    42.000
 25981.2, 5864.36,  -97.23,  -16.78,    35.024,   80.0019,    42.000
 25981.4, 5860.95,  -92.08,  -14.99,    34.976,   80.0019,    42.000
 25981.6, 5866.06,  -92.33,  -16.67,    34.924,   80.0019,    42.000
 25981.8, 5873.51,  -99.66,  -16.25,    34.936,   80.0019,    41.979
 25982.0, 5882.59,  -97.89,  -15.88,    34.979,   80.0019,    42.000
 25982.2, 5888.54,  -96.33,  -16.12,    34.979,   80.0019,    42.000
 25982.4, 5889.57,  -92.17,  -15.79,    34.979,   80.0019,    42.000
 25982.6, 5899.08,  -92.43,  -15.81,    34.979,   80.0019,    42.000
 25982.8, 5911.75,  -91.78,  -15.70,    34.979,   80.0019,    42.000
 25983.0, 5918.72,  -94.91,  -16.12,    34.978,   80.0019,    42.000
 25983.2, 5922.74,  -96.92,  -16.62,    34.972,   80.0019,    42.000
 25983.4, 5922.77,  -95.32,  -17.14,    34.974,   80.0019,    42.000
 25983.6, 5916.27,  -95.32,  -16.18,    34.957,   80.0019,    42.000
 25983.8, 5939.63,  -95.18,  -16.92,    35.024,   80.0019,    42.000
 25984.0, 5940.17,  -93.93,  -16.03,    35.054,   80.0019,    41.974
 25984.2, 5932.77,  -93.68,  -16.46,    35.040,   80.0019,    41.938
 25984.5, 5938.87,  -92.74,  -16.28,    35.063,   80.0019,    41.938
 25984.7, 5938.66,  -91.09,  -16.98,    35.077,   80.0019,    41.938
 25984.9, 5931.73,  -83.88,  -15.28,    35.052,   80.0019,    41.977
 25985.1, 5929.50,  -97.18,  -16.06,    35.016,   80.0018,    42.000
 25985.3, 5936.75,  -90.88,  -15.81,    34.970,   80.0014,    42.000
 25985.5, 5936.98,  -91.14,  -16.61,    34.933,   80.0014,    42.000
 25985.7, 5937.18,  -88.92,  -15.37,    34.904,   80.0014,    42.000
 25985.9, 5939.98,  -93.27,  -14.80,    34.898,   80.0014,    42.000
 25986.1, 5955.60,  -94.67,  -16.26,    34.977,   80.0014,    42.000
 25986.3, 5960.79,  -91.40,  -16.46,    35.001,   80.0014,    42.000
 25986.5, 5957.96,  -93.78,  -15.75,    34.964,   80.0014,    42.000
 25986.7, 5967.00,  -97.78,  -15.91,    35.017,   80.0014,    42.000
 25986.9, 5962.04,  -90.08,  -16.41,    35.068,   80.0014,    42.000
 25987.1, 5956.52,  -94.57,  -15.11,    35.082,   80.0014,    42.000
 25987.3, 5944.24,  -88.21,  -14.42,    35.084,   80.0014,    42.000
 25987.5, 5944.60,  -90.33,  -16.04,    35.019,   80.0014,    41.938
 25987.7, 5939.56,  -90.12,  -15.59,    35.019,   80.0014,    41.938
 25987.9, 5938.64,  -93.64,  -14.80,    35.019,   80.0014,    41.938
 25988.1, 5936.20,  -91.88,  -14.54,    35.019,   80.0014,    41.938
 25988.3, 5931.89,  -91.98,  -15.94,    35.009,   80.0014,    41.960
 25988.5, 5916.84,  -89.95,  -14.60,    34.983,   80.0014,    42.000
 25988.7, 5916.32,  -91.99,  -15.02,    34.983,   80.0014,    42.000
 25988.9, 5904.59,  -91.45,  -15.14,    34.983,   80.0014,    42.000
 25989.1, 5905.64,  -89.20,  -16.51,    35.009,   80.0014,    42.000
 25989.3, 5891.57,  -91.16,  -16.47,    34.973,   80.0014,    42.000
 25989.5, 5889.03,  -91.32,  -16.54,    34.913,   80.0014,    42.000
 25989.7, 5885.28,  -95.02,  -16.44,    34.904,   80.0014,    42.000
 25989.9, 5876.45,  -87.83,  -16.78,    34.906,   80.0014,    42.000
 25990.1, 5891.46,  -95.19,  -17.21,    34.982,   80.0015,    42.000
 25990.3, 5894.96,  -94.97,  -16.13,    35.064,   80.0015,    42.000
 25990.5, 5871.13,  -91.42,  -15.58,    35.098,   80.0015,    42.000
 25990.7, 5875.17,  -98.74,  -16.69,    35.026,   80.0015,    42.000
 25991.0, 5882.80,  -91.72,  -17.56,    35.004,   80.0015,    42.000
 25991.2, 5882.54,  -95.42,  -15.99,    35.006,   80.0015,    42.000
 25991.4, 5879.74,  -93.81,  -15.50,    34.985,   80.0015,    42.000
 25991.6, 5899.62,  -98.17,  -16.84,    34.958,   80.0015,    42.000
 25991.8, 5908.93,  -99.09,  -17.19,    34.945,   80.0015,    42.000
 25992.0, 5927.96,  -96.56,  -15.96,    34.962,   80.0015,    42.000
 25992.2, 5943.13,  -92.00,  -16.52,    35.046,   80.0015,    42.000
 25992.4, 5937.73,  -99.16,  -15.61,    34.980,   80.0015,    42.000
 25992.6, 5973.46,  -93.89,  -16.79,    34.987,   80.0015,    42.000
 25992.8, 5965.77,  -98.95,  -15.81,    34.977,   80.0015,    42.000
 25993.0, 5965.83,  -90.95,  -16.03,    35.005,   80.0015,    42.000
 25993.2, 5976.35,  -93.66,  -15.64,    35.005,   80.0015,    42.000
 25993.4, 5979.07,  -92.75,  -15.61,    35.005,   80.0015,    42.000
 25993.6, 5985.10,  -92.67,  -16.35,    35.005,   80.0015,    42.000
 25993.9, 5978.83, -100.30,  -16.46,    35.005,   80.0015,    42.000
 25994.1, 5972.14,  -98.17,  -16.49,    35.022,   80.0015,    41.980
 25994.3, 5977.21,  -92.72,  -16.28,    35.060,   80.0015,    41.938
 25994.5, 5980.81,  -93.81,  -16.28,    35.060,   80.0015,    41.938
 25994.7, 5967.51,  -93.72,  -15.59,    35.064,   80.0015,    41.938
 25994.9, 5972.61,  -93.44,  -16.33,    35.019,   80.0015,    41.977
 25995.1, 5974.83,  -95.13,  -15.58,    34.992,   80.0015,    42.000
 25995.3, 5987.82,  -85.76,  -16.60,    34.992,   80.0016,    42.000
 25995.5, 6002.08,  -93.56,  -16.66,    34.992,   80.0016,    42.000
 25995.7, 6016.69,  -90.04,  -16.83,    34.999,   80.0016,    42.000
 25995.9, 6032.67,  -92.15,  -15.76,    35.028,   80.0016,    42.000
 25996.1, 6034.59,  -89.21,  -16.22,    34.990,   80.0016,    42.000
 25996.3, 6047.51,  -94.06,  -15.81,    34.932,   80.0016,    42.000
 25996.5, 6076.67,  -90.72,  -15.50,    34.912,   80.0016,    41.994
 25996.7, 6056.08,  -92.49,  -15.27,    34.932,   80.0016,    41.938
 25996.9, 6062.64,  -94.33,  -16.45,    34.848,   80.0016,    41.938
 25997.1, 6081.56,  -96.60,  -16.56,    34.950,   80.0016,    41.978
 25997.3, 6075.73,  -98.70,  -15.54,    35.003,   80.0016,    42.000
 25997.5, 6076.14,  -90.28,  -16.38,    35.000,   80.0016,    42.000
 25997.7, 6072.44,  -94.81,  -15.90,    35.030,   80.0016,    42.000
 25997.9, 6074.14,  -93.42,  -15.99,    35.041,   80.0016,    42.000
 25998.1, 6062.31,  -96.44,  -15.18,    35.031,   80.0016,    42.000
 25998.5, 6063.52,  -93.10,  -15.04,    35.037,   80.0016,    42.000
 25998.7, 6066.67,  -91.75,  -15.83,    35.003,   80.0016,    42.000
 25999.1, 6053.46,  -92.65,  -14.94,    35.003,   80.0016,    42.000
 25999.1, 6050.54,  -94.03,  -15.80,    35.003,   80.0016,    42.000
 25999.3, 6048.94,  -91.84,  -16.34,    35.003,   80.0016,    42.000
 25999.5, 6031.12,  -92.40,  -15.11,    35.003,   80.0016,    42.000
 25999.7, 6042.39,  -89.73,  -16.16,    34.976,   80.0016,    42.000
 25999.9, 6033.53,  -98.17,  -15.49,    34.955,   80.0016,    42.000
 26000.2, 6039.73,  -89.32,  -15.79,    34.986,   80.0019,    42.000
 26000.4, 6035.61,  -90.05,  -15.78,    34.980,   80.0019,    42.000
 26000.6, 6042.71,  -93.08,  -15.72,    34.950,   80.0019,    42.000
 26000.8, 6060.87,  -92.73,  -15.63,    34.936,   80.0019,    42.000
 26001.0, 6075.63,  -95.25,  -16.26,    34.998,   80.0019,    42.000
 26001.2, 6095.08,  -96.78,  -16.55,    35.014,   80.0019,    42.000
 26001.4, 6101.79,  -93.50,  -15.97,    35.021,   80.0019,    42.000
 26001.6, 6115.23,  -96.77,  -16.00,    35.022,   80.0019,    42.000
 26001.8, 6133.22,  -91.09,  -15.11,    35.046,   80.0019,    42.000
 26002.0, 6140.14,  -93.13,  -15.41,    35.085,   80.0019,    42.000
 26002.2, 6145.83,  -93.84,  -16.06,    35.050,   80.0019,    42.000
 26002.4, 6135.85,  -93.76,  -15.60,    35.011,   80.0019,    42.000
 26002.6, 6130.75,  -97.32,  -15.31,    34.983,   80.0019,    42.000
 26002.8, 6136.11,  -89.67,  -15.90,    35.010,   80.0019,    42.000
 26003.0, 6127.04,  -93.96,  -15.70,    35.073,   80.0019,    42.000
 26003.2, 6101.18,  -96.24,  -16.39,    34.993,   80.0019,    42.000
 26003.4, 6091.62,  -96.80,  -16.51,    34.967,   80.0019,    42.000
 26003.6, 6077.68,  -97.31,  -16.73,    35.007,   80.0019,    42.000
 26003.8, 6051.26,  -94.34,  -14.28,    35.028,   80.0019,    42.000
 26004.0, 6046.13,  -90.02,  -16.52,    35.052,   80.0019,    42.000
 26004.2, 6029.71,  -92.91,  -16.19,    35.052,   80.0019,    42.000
 26004.4, 6024.47,  -91.54,  -15.37,    35.052,   80.0019,    42.000
 26004.6, 6033.89,  -90.71,  -15.53,    35.052,   80.0019,    42.000
 26004.8, 6032.71,  -89.36,  -15.91,    35.052,   80.0019,    42.000
 26005.0, 6024.53,  -92.26,  -16.04,    35.016,   80.0020,    42.000
 26005.2, 6018.18,  -95.57,  -16.05,    34.976,   80.0021,    42.000
 26005.4, 6030.00,  -92.55,  -15.46,    34.928,   80.0021,    42.000
 26005.6, 6033.59,  -95.13,  -15.89,    34.945,   80.0021,    42.000
 26005.9, 6051.61,  -91.28,  -16.41,    35.000,   80.0021,    42.000
 26006.1, 6055.29,  -90.82,  -15.65,    35.020,   80.0021,    42.000
 26006.3, 6067.71,  -88.92,  -16.01,    34.995,   80.0021,    42.000
 26006.5, 6052.27,  -88.01,  -15.22,    34.995,   80.0021,    42.000
 26006.7, 6053.48,  -93.14,  -15.59,    34.995,   80.0021,    42.000
 26006.9, 6066.13,  -93.52,  -16.53,    34.995,   80.0021,    42.000
 26007.1, 6073.54,  -91.15,  -15.62,    35.004,   80.0021,    42.000
 26007.3, 6080.74,  -90.31,  -16.51,    34.994,   80.0021,    42.000
 26007.5, 6076.93,  -96.77,  -15.37,    34.976,   80.0021,    42.000
 26007.7, 6092.67,  -90.29,  -15.76,    35.035,   80.0021,    42.000
 26007.9, 6093.34,  -97.38,  -15.66,    35.037,   80.0021,    42.000
 26008.1, 6090.60,  -92.25,  -15.72,    35.031,   80.0021,    42.000
 26008.4, 6073.81,  -93.09,  -15.38,    34.999,   80.0021,    42.000
 26008.6, 6084.52,  -91.21,  -16.09,    34.989,   80.0021,    42.000
 26008.8, 6083.01,  -88.44,  -15.52,    35.018,   80.0021,    42.000
 26009.0, 6077.22,  -96.31,  -15.40,    35.017,   80.0021,    42.000
 26009.2, 6080.51,  -91.78,  -16.24,    35.023,   80.0021,    42.000
 26009.4, 6079.60,  -93.03,  -16.35,    34.953,   80.0021,    42.000
 26009.6, 6088.65,  -96.64,  -16.29,    35.051,   80.0026,    42.000
 26009.8, 6107.23,  -99.07,  -15.81,    35.051,   80.0026,    42.000
 26010.0, 6119.00,  -91.97,  -15.88,    35.051,   80.0026,    42.000
 26010.2, 6138.28,  -96.06,  -16.09,    35.051,   80.0026,    42.000
 26010.4, 6144.92,  -93.16,  -15.85,    35.059,   80.0026,    42.000
 26010.6, 6148.17,  -97.77,  -15.51,    35.059,   80.0026,    42.000
 26010.8, 6162.00,  -96.61,  -15.99,    35.059,   80.0026,    42.000
 26011.0, 6157.83,  -88.32,  -15.51,    35.053,   80.0026,    42.000
 26011.3, 6157.30,  -92.39,  -16.35,    35.024,   80.0026,    42.000
 26011.5, 6160.07,  -92.35,  -16.32,    34.974,   80.0026,    42.000
 26011.7, 6160.61,  -92.92,  -15.71,    34.989,   80.0026,    42.000
 26011.9, 6161.16,  -88.79,  -15.78,    34.997,   80.0026,    42.000
 26012.1, 6156.30,  -90.78,  -16.19,    34.983,   80.0026,    42.000
 26012.3, 6158.83,  -87.71,  -16.75,    34.887,   80.0026,    42.000
 26012.5, 6167.77,  -89.84,  -17.17,    34.878,   80.0026,    42.000
 26012.7, 6173.04,  -94.77,  -16.42,    34.898,   80.0026,    42.000
 26012.9, 6184.96,  -92.28,  -16.23,    34.923,   80.0026,    42.000
 26013.1, 6191.54,  -94.59,  -15.78,    34.929,   80.0026,    42.000
 26013.3, 6220.49,  -91.43,  -16.44,    35.074,   80.0026,    42.000
 26013.5, 6212.45,  -94.11,  -16.09,    35.072,   80.0026,    42.000
 26013.7, 6222.67,  -92.54,  -16.70,    35.010,   80.0026,    42.000
 26013.9, 6217.05,  -89.34,  -16.09,    35.077,   80.0026,    42.000
 26014.1, 6193.25,  -93.13,  -15.84,    35.011,   80.0026,    42.000
 26014.4, 6188.64,  -90.03,  -16.47,    35.027,   80.0026,    42.000
 26014.6, 6188.15,  -94.51,  -16.18,    35.039,   80.0026,    42.000
 26014.8, 6176.10,  -95.04,  -16.48,    35.007,   80.0026,    42.000
 26015.0, 6151.81,  -93.15,  -15.09,    35.007,   80.0026,    42.000
 26015.2, 6161.68,  -94.73,  -16.81,    35.020,   80.0026,    42.000
 26015.4, 6157.32,  -98.68,  -15.41,    35.007,   80.0026,    42.000
 26015.6, 6168.08,  -93.09,  -16.39,    35.007,   80.0026,    42.000
 26015.8, 6177.19,  -96.22,  -16.12,    35.007,   80.0026,    42.000
 26016.0, 6168.39,  -89.26,  -14.04,    35.007,   80.0026,    42.000
 26016.2, 6185.46,  -88.41,  -16.19,    35.007,   80.0026,    42.000
 26016.4, 6191.38,  -90.45,  -16.07,    35.030,   80.0026,    42.000
 26016.6, 6214.31,  -94.48,  -16.99,    35.090,   80.0026,    42.000
 26016.9, 6221.69,  -94.46,  -15.96,    35.069,   80.0026,    42.000
 26017.1, 6217.78,  -96.98,  -17.14,    35.030,   80.0026,    42.000
 26017.3, 6205.23,  -95.43,  -15.51,    34.991,   80.0026,    42.000
 26017.5, 6217.20,  -89.09,  -15.62,    34.997,   80.0026,    42.000
 26017.7, 6223.78,  -91.91,  -16.25,    35.063,   80.0026,    42.000
 26017.9, 6222.72,  -90.79,  -15.94,    35.077,   80.0026,    42.000
 26018.1, 6210.61,  -92.61,  -14.86,    35.053,   80.0026,    42.000
 26018.3, 6213.09,  -97.65,  -16.22,    34.999,   80.0026,    42.000
 26018.5, 6225.07,  -93.76,  -16.37,    34.918,   80.0026,    42.000
 26018.7, 6241.57,  -91.95,  -16.14,    34.913,   80.0026,    42.000
 26018.9, 6248.61,  -92.73,  -15.83,    34.952,   80.0026,    42.000
 26019.1, 6262.92,  -89.04,  -15.91,    34.978,   80.0026,    42.000
 26019.3, 6274.03,  -94.99,  -15.63,    34.985,   80.0026,    42.000
 26019.5, 6280.54,  -98.52,  -15.23,    34.984,   80.0026,    42.000
 26019.7, 6280.44,  -93.21,  -14.77,    34.960,   80.0026,    42.000
 26020.0, 6299.96,  -97.25,  -16.21,    34.953,   80.0026,    42.000
 26020.2, 6310.86,  -96.02,  -15.63,    34.966,   80.0023,    42.000
 26020.4, 6327.29,  -90.28,  -14.63,    35.008,   80.0022,    42.000
 26020.6, 6339.70,  -86.87,  -14.86,    35.026,   80.0022,    42.000
 26020.8, 6359.91,  -86.81,  -14.80,    34.990,   80.0022,    42.000
 26021.0, 6365.27,  -93.14,  -15.17,    34.990,   80.0022,    42.000
 26021.2, 6382.81,  -90.12,  -15.96,    34.981,   80.0022,    42.000
 26021.4, 6385.36,  -89.51,  -13.46,    34.981,   80.0022,    42.000
 26021.6, 6406.11,  -94.20,  -15.15,    34.981,   80.0022,    42.000
 26021.8, 6410.86,  -87.91,  -14.89,    34.981,   80.0022,    42.000
 26022.0, 6421.70,  -99.63,  -15.32,    34.981,   80.0022,    42.000
 26022.2, 6423.82,  -91.19,  -16.46,    34.981,   80.0022,    42.000
 26022.4, 6408.95,  -96.88,  -15.26,    34.993,   80.0022,    42.000
 26022.6, 6411.65,  -93.95,  -14.81,    35.020,   80.0022,    42.000
 26022.8, 6420.97,  -81.34,  -16.03,    35.074,   80.0022,    42.000
 26023.0, 6417.14,  -86.41,  -15.44,    35.109,   80.0022,    42.000
 26023.2, 6413.78,  -88.74,  -14.36,    35.106,   80.0022,    42.000
 26023.4, 6432.51,  -93.58,  -15.47,    35.074,   80.0022,    42.000
 26023.7, 6443.66,  -85.06,  -15.38,    35.021,   80.0022,    42.000
 26023.9, 6456.27,  -91.23,  -13.85,    35.047,   80.0022,    42.000
 26024.1, 6495.23,  -88.31,  -15.84,    35.061,   80.0022,    42.000
 26024.3, 6509.03,  -94.70,  -16.91,    35.043,   80.0022,    42.000
 26024.5, 6523.94,  -89.81,  -14.85,    34.976,   80.0022,    42.000
 26024.7, 6540.11,  -89.99,  -13.93,    34.996,   80.0022,    42.000
 26024.9, 6567.20,  -86.57,  -16.92,    34.956,   80.0022,    42.000
 26025.1, 6575.24,  -95.61,  -16.66,    34.947,   80.0024,    42.000
 26025.4, 6579.46,  -93.53,  -16.44,    34.947,   80.0026,    42.000
 26025.6, 6575.72,  -91.96,  -15.58,    34.937,   80.0026,    42.000
 26025.8, 6583.16,  -89.32,  -16.95,    34.935,   80.0026,    42.000
