WISPER_raw_data/WISPER_20160830_rawField.ict
40, 1001
David Noone
Oregon State University
Water Vapor Isotopic Analyzer (Picarro L2120i) - H2O concentration, D/H and 18O/16O isotope ratios (delta notation)
ORACLES
1, 1
2016, 08, 30, 2016, 08, 30
0
Start_UTC, seconds
6
1, 1, 1, 1, 1, 1
-9999, -9999, -9999, -9999, -9999, -9999
H2O_ppmv, ppmv
dD_permil, permil
d18O_permil, permil
pressure_cavity, torr
temp_cavity, degrees_celcius
temp_das, degrees_celcius
0
18
PI_CONTACT_INFO: Address: David Noone, CEOAS, Oregon State University, Corvallis OR 97331; email: nooned@oregonstate.edu
PLATFORM: NASA P3B (N426NA), sampling port side foward window from forward facing diffuser inlet
LOCATION: Aircraft location data decribed elsewhere
ASSOCIATED_DATA: see http://espoarchive.nasa.gov/archive/browse/oracles
INSTRUMENT_INFO: Water Vapor Isotopic Analyzer (Picarro L2120-i): cavity-ringdown tunable diode laser spectoscopy.
DATA_INFO: Units are ppmv for H2O and permil relative to SMOW for d18O and dD.
UNCERTAINTY: The absolute accuracy humidity dependent is in the range 1 % for H2O, 1 permil for dD and 0.5 permil for d18O.
ULOD_FLAG: -7777
ULOD_VALUE: N/A
LLOD_FLAG: -8888
LLOD_VALUE: N/A
DM_CONTACT_INFO: David Noone; Oregon State University; nooned@oregonstate.edu
PROJECT_INFO: ORACLES Mission August-October 2016; Southeast Atlantic/Walvis Bay, Namibia
STIPULATIONS_ON_USE: Until made public, only the ORACLES science team is allowed to use this data, per the ORACLES data protocol.
OTHER_COMMENTS: Data is uncalibrated, uncheck and not useful for science at this level
REVISION: RAW
RAW: Raw translation of Picarro output files to ICARTT format
Start_UTC, H2O_ppmv, dD_permil, d18O_permil, pressure_cavity, temp_cavity, temp_das
 22753.2,16089.64,  -62.23,  -19.32,    34.987,   78.2884,    35.188
 22753.5,15908.35,  -59.35,  -15.13,    35.008,   78.2884,    35.188
[from data line 6029]
 24054.0,16146.93,  -70.30,  -11.97,    34.957,   80.0033,    39.884
 24054.2,16130.50,  -73.30,  -11.58,    34.982,   80.0033,    39.938
 24054.4,16131.95,  -73.24,  -11.93,    34.966,   80.0033,    39.938
 24054.6,16127.18,  -71.17,  -11.75,    34.975,   80.0033,    39.938
 24054.8,16129.03,  -71.94,  -12.12,    34.955,   80.0033,    39.938
 24055.0,16127.87,  -71.72,  -11.76,    34.952,   80.0032,    39.938
 24055.3,16141.84,  -67.53,  -11.86,    34.978,   80.0029,    39.938
 24055.5,16130.52,  -71.21,  -12.01,    34.997,   80.0029,    39.938
 24055.7,16130.07,  -74.72,  -11.75,    34.982,   80.0029,    39.938
 24055.9,16126.85,  -72.44,  -11.31,    34.996,   80.0029,    39.938
 24056.1,16140.86,  -73.72,  -11.79,    35.003,   80.0029,    39.938
 24056.3,16131.16,  -68.66,  -11.91,    35.010,   80.0029,    39.938
 24056.5,16125.47,  -73.10,  -12.02,    35.016,   80.0029,    39.938
 24056.7,16122.57,  -69.23,  -12.22,    34.982,   80.0029,    39.938
 24056.9,16113.96,  -71.44,  -11.84,    34.984,   80.0029,    39.938
 24057.1,16131.63,  -72.98,  -11.88,    35.002,   80.0029,    39.938
 24057.4,16130.64,  -75.18,  -12.15,    35.004,   80.0029,    39.938
 24057.6,16115.67,  -71.40,  -11.60,    34.996,   80.0029,    39.938
 24057.8,16103.82,  -71.56,  -11.38,    35.062,   80.0029,    39.938
 24058.0,16119.93,  -67.65,  -10.59,    35.062,   80.0029,    39.938
 24058.2,16139.68,  -72.80,  -11.78,    35.062,   80.0029,    39.938
 24058.4,16121.68,  -70.28,  -11.49,    35.062,   80.0029,    39.938
 24058.6,16111.22,  -70.28,  -12.07,    34.957,   80.0029,    39.938
 24058.8,16112.59,  -71.56,  -12.46,    34.957,   80.0029,    39.938
 24059.0,16104.39,  -72.20,  -11.96,    34.957,   80.0029,    39.938
 24059.3,16115.52,  -72.81,  -12.10,    34.976,   80.0029,    39.938
 24059.5,16123.91,  -70.21,  -12.48,    34.985,   80.0029,    39.938
 24059.7,16109.49,  -67.56,  -12.00,    34.985,   80.0029,    39.938
 24059.9,16125.19,  -71.22,  -12.35,    34.992,   80.0029,    39.938
 24060.1,16104.28,  -70.68,  -11.88,    34.996,   80.0029,    39.938
 24060.3,16107.85,  -73.11,  -12.09,    34.994,   80.0031,    39.938
 24060.5,16120.89,  -70.76,  -11.81,    34.992,   80.0033,    39.938
 24060.8,16106.13,  -71.91,  -11.95,    34.988,   80.0033,    39.938
 24061.0,16114.99,  -70.16,  -12.22,    34.991,   80.0033,    39.938
 24061.2,16115.92,  -71.35,  -12.31,    35.005,   80.0033,    39.938
 24061.4,16111.45,  -73.95,  -11.95,    34.980,   80.0033,    39.938
 24061.6,16092.00,  -71.06,  -11.74,    34.976,   80.0033,    39.938
 24061.8,16105.44,  -71.95,  -11.94,    34.962,   80.0033,    39.938
 24062.0,16125.56,  -70.92,  -12.12,    34.954,   80.0033,    39.938
 24062.2,16120.13,  -71.58,  -11.94,    34.989,   80.0033,    39.938
 24062.5,16117.59,  -70.00,  -11.91,    34.989,   80.0033,    39.938
 24062.7,16112.18,  -70.07,  -11.79,    34.994,   80.0033,    39.938
 24062.9,16129.00,  -69.54,  -12.44,    35.032,   80.0033,    39.938
 24063.1,16120.95,  -71.16,  -11.72,    35.045,   80.0033,    39.938
 24063.3,16132.23,  -69.33,  -12.19,    34.981,   80.0033,    39.938
 24063.5,16131.83,  -65.60,  -12.93,    35.056,   80.0033,    39.938
 24063.8,16106.59,  -71.72,  -11.86,    35.056,   80.0033,    39.938
 24064.0,16115.17,  -69.07,  -11.96,    35.056,   80.0033,    39.938
 24064.2,16132.51,  -70.00,  -12.39,    35.057,   80.0033,    39.938
 24064.4,16134.61,  -70.09,  -12.02,    35.063,   80.0033,    39.938
 24064.6,16128.80,  -71.53,  -12.33,    35.063,   80.0033,    39.938
 24064.8,16115.42,  -74.88,  -12.04,    35.044,   80.0030,    39.938
 24065.0,16122.32,  -69.96,  -11.56,    35.031,   80.0026,    39.938
 24065.2,16128.07,  -69.15,  -11.92,    35.042,   80.0026,    39.938
 24065.4,16082.64,  -70.25,  -10.50,    34.980,   80.0026,    39.938
 24065.7,16100.57,  -72.04,  -12.29,    34.951,   80.0026,    39.938
 24065.9,16096.37,  -72.17,  -11.92,    34.951,   80.0026,    39.938
 24066.1,16119.20,  -69.52,  -12.71,    34.969,   80.0026,    39.938
 24066.3,16102.42,  -71.86,  -12.30,    34.975,   80.0026,    39.938
 24066.5,16102.00,  -71.81,  -12.06,    34.962,   80.0026,    39.938
 24066.7,16095.52,  -68.75,  -11.90,    34.960,   80.0026,    39.938
 24066.9,16098.56,  -71.06,  -12.49,    34.928,   80.0026,    39.938
 24067.2,16105.27,  -71.47,  -12.07,    34.928,   80.0026,    39.938
 24067.4,16111.52,  -70.97,  -11.88,    34.991,   80.0026,    39.938
 24067.6,16122.12,  -73.06,  -11.33,    35.029,   80.0026,    39.938
 24067.8,16115.17,  -75.03,  -11.90,    35.016,   80.0026,    39.938
 24068.0,16127.30,  -70.26,  -11.92,    35.021,   80.0026,    39.938
 24068.2,16136.04,  -72.12,  -11.38,    35.039,   80.0026,    39.938
 24068.4,16134.03,  -71.64,  -12.12,    35.035,   80.0026,    39.938
 24068.6,16112.79,  -70.26,  -12.30,    35.035,   80.0026,    39.938
 24068.9,16107.94,  -72.83,  -12.13,    35.009,   80.0026,    39.938
 24069.1,16124.52,  -73.17,  -12.54,    35.050,   80.0029,    39.938
 24069.3,16108.01,  -72.05,  -11.74,    35.050,   80.0029,    39.938
 24069.5,16125.77,  -70.22,  -11.56,    35.050,   80.0029,    39.938
 24069.7,16120.38,  -70.19,  -11.91,    35.050,   80.0029,    39.938
 24069.9,16131.53,  -70.10,  -12.18,    35.050,   80.0029,    39.938
 24070.1,16114.06,  -71.04,  -11.88,    35.050,   80.0029,    39.938
 24070.3,16133.17,  -72.83,  -11.61,    35.050,   80.0029,    39.938
 24070.6,16135.46,  -73.06,  -11.82,    35.050,   80.0029,    39.938
 24070.8,16144.22,  -72.56,  -11.66,    35.050,   80.0029,    39.938
 24071.0,16144.80,  -67.42,  -12.21,    35.027,   80.0029,    39.938
 24071.2,16124.31,  -69.38,  -11.96,    34.993,   80.0029,    39.938
 24071.4,16104.58,  -69.96,  -11.56,    34.972,   80.0029,    39.938
 24071.6,16086.44,  -75.55,  -10.40,    34.967,   80.0029,    39.938
 24071.8,16098.12,  -71.98,  -12.00,    34.976,   80.0029,    39.938
 24072.0,16105.47,  -68.37,  -11.70,    34.993,   80.0029,    39.938
 24072.3,16121.79,  -68.71,  -11.87,    35.017,   80.0029,    39.938
 24072.5,16109.67,  -70.24,  -11.56,    35.017,   80.0029,    39.938
 24072.7,16112.96,  -71.06,  -12.10,    35.010,   80.0029,    39.938
 24072.9,16113.92,  -70.09,  -12.32,    34.970,   80.0029,    39.938
 24073.1,16114.08,  -70.29,  -12.04,    34.960,   80.0029,    39.938
 24073.3,16105.12,  -71.10,  -11.96,    34.956,   80.0029,    39.938
 24073.6,16115.99,  -71.70,  -12.11,    34.960,   80.0029,    39.938
 24073.8,16122.44,  -72.47,  -11.69,    34.961,   80.0029,    39.938
 24074.0,16132.70,  -67.91,  -11.91,    35.003,   80.0029,    39.938
 24074.2,16131.75,  -71.83,  -11.79,    35.039,   80.0029,    39.938
 24074.4,16143.25,  -74.63,  -11.76,    35.035,   80.0029,    39.938
 24074.6,16136.95,  -71.76,  -12.14,    35.030,   80.0029,    39.938
 24074.8,16130.66,  -72.91,  -12.28,    35.056,   80.0031,    40.000
 24075.0,16125.74,  -70.10,  -11.42,    35.056,   80.0031,    40.000
 24075.2,16120.71,  -72.25,  -11.65,    35.056,   80.0031,    40.000
 24075.4,16130.09,  -72.17,  -11.77,    35.056,   80.0031,    40.000
 24075.6,16133.80,  -69.40,  -12.01,    35.056,   80.0031,    40.000
 24075.8,16126.37,  -69.46,  -11.78,    35.038,   80.0031,    39.961
 24076.0,16131.38,  -69.33,  -12.41,    35.028,   80.0031,    39.938
 24076.2,16135.14,  -70.05,  -12.37,    35.031,   80.0031,    39.938
 24076.5,16131.28,  -70.09,  -12.24,    35.018,   80.0031,    39.938
 24076.7,16127.30,  -69.05,  -11.48,    34.993,   80.0031,    39.938
 24076.9,16108.54,  -71.37,  -12.02,    34.972,   80.0031,    39.938
 24077.1,16103.67,  -70.58,  -11.56,    34.969,   80.0031,    39.938
 24077.3,16112.17,  -71.57,  -12.07,    34.969,   80.0031,    39.938
 24077.5,16118.38,  -69.27,  -12.66,    34.968,   80.0031,    39.938
 24077.7,16120.41,  -69.94,  -12.20,    34.974,   80.0031,    39.938
 24077.9,16105.49,  -69.25,  -11.48,    34.987,   80.0031,    39.938
 24078.1,16128.82,  -70.32,  -12.01,    34.985,   80.0031,    39.938
 24078.3,16128.34,  -73.14,  -11.91,    34.994,   80.0031,    39.938
 24078.5,16136.22,  -71.89,  -11.70,    35.020,   80.0031,    39.938
 24078.7,16146.80,  -72.89,  -12.21,    35.048,   80.0031,    39.938
 24079.0,16136.48,  -70.66,  -11.98,    35.031,   80.0031,    39.938
 24079.2,16130.73,  -73.24,  -11.42,    35.020,   80.0031,    40.000
 24079.4,16141.56,  -71.32,  -12.12,    35.026,   80.0031,    40.000
 24079.6,16122.15,  -71.73,  -11.55,    35.022,   80.0031,    40.000
 24079.8,16137.94,  -71.29,  -12.46,    35.007,   80.0029,    39.979
 24080.0,16118.89,  -73.48,  -12.18,    34.990,   80.0026,    39.938
 24080.2,16127.39,  -68.36,  -11.96,    35.020,   80.0026,    39.938
 24080.4,16143.73,  -69.25,  -12.28,    34.999,   80.0026,    39.938
 24080.6,16117.03,  -69.33,  -11.53,    34.999,   80.0026,    39.938
 24080.8,16124.82,  -71.47,  -12.23,    34.999,   80.0026,    39.938
 24081.1,16134.62,  -67.84,  -12.21,    34.999,   80.0026,    39.938
 24081.3,16111.49,  -72.50,  -11.83,    34.999,   80.0026,    39.938
 24081.5,16123.15,  -68.65,  -12.16,    35.013,   80.0026,    39.938
 24081.7,16128.22,  -69.56,  -11.96,    35.014,   80.0026,    39.938
 24081.9,16114.76,  -72.50,  -11.72,    34.980,   80.0026,    39.938
 24082.1,16113.11,  -70.59,  -11.81,    34.980,   80.0026,    39.938
 24082.4,16126.25,  -69.49,  -12.20,    34.975,   80.0026,    39.938
 24082.6,16108.46,  -76.36,  -11.58,    34.963,   80.0026,    39.938
 24082.8,16104.46,  -68.60,  -12.29,    34.942,   80.0026,    39.938
 24083.0,16112.01,  -71.38,  -11.92,    34.944,   80.0026,    39.938
 24083.2,16117.11,  -70.84,  -12.06,    34.996,   80.0026,    39.938
 24083.4,16129.29,  -71.93,  -11.72,    35.005,   80.0026,    39.938
 24083.7,16116.10,  -72.69,  -11.44,    35.008,   80.0026,    39.938
 24083.9,16128.92,  -71.55,  -11.94,    35.020,   80.0026,    39.938
 24084.1,16133.99,  -70.64,  -11.70,    35.021,   80.0026,    39.938
 24084.3,16137.82,  -73.87,  -11.98,    35.017,   80.0026,    39.938
 24084.5,16132.14,  -70.64,  -11.93,    35.014,   80.0026,    39.938
 24084.8,16137.93,  -71.41,  -12.44,    35.020,   80.0026,    39.938
 24085.0,16125.90,  -73.17,  -11.97,    35.026,   80.0027,    39.938
 24085.2,16123.80,  -71.18,  -11.64,    35.012,   80.0027,    39.938
 24085.4,16117.14,  -75.67,  -11.60,    35.001,   80.0027,    39.938
 24085.6,16117.05,  -71.83,  -11.92,    34.973,   80.0027,    39.938
 24085.8,16107.13,  -71.37,  -12.12,    34.956,   80.0027,    39.938
 24086.1,16103.43,  -72.49,  -11.92,    34.966,   80.0027,    39.938
 24086.3,16126.08,  -71.84,  -11.86,    34.998,   80.0027,    39.938
 24086.5,16127.89,  -72.93,  -11.69,    34.998,   80.0027,    39.938
 24086.7,16134.05,  -70.70,  -12.16,    34.998,   80.0027,    39.938
 24086.9,16128.67,  -70.53,  -11.69,    34.998,   80.0027,    39.938
 24087.1,16136.41,  -70.99,  -11.93,    34.999,   80.0027,    39.938
 24087.4,16132.35,  -70.86,  -12.05,    35.022,   80.0027,    39.938
 24087.6,16136.51,  -70.99,  -11.76,    35.033,   80.0027,    39.938
 24087.8,16136.76,  -70.39,  -11.79,    35.024,   80.0027,    39.938
 24088.0,16125.82,  -73.29,  -12.09,    35.008,   80.0027,    39.938
 24088.2,16127.56,  -72.11,  -11.90,    35.019,   80.0027,    39.938
 24088.5,16137.59,  -71.78,  -12.11,    35.007,   80.0027,    39.938
 24088.7,16126.74,  -71.43,  -11.98,    34.980,   80.0027,    39.938
 24088.9,16122.92,  -69.35,  -11.99,    35.001,   80.0027,    39.938
 24089.1,16127.42,  -74.84,  -11.76,    34.984,   80.0027,    39.938
 24089.3,16114.37,  -70.99,  -12.38,    34.964,   80.0027,    39.938
 24089.5,16123.17,  -69.90,  -12.26,    34.973,   80.0027,    39.938
 24089.7,16133.61,  -68.93,  -12.03,    34.994,   80.0028,    39.946
 24090.0,16124.56,  -71.17,  -11.98,    34.977,   80.0030,    40.000
 24090.2,16120.46,  -72.50,  -11.77,    34.977,   80.0030,    40.000
 24090.4,16126.67,  -74.13,  -11.53,    35.001,   80.0030,    40.000
 24090.6,16106.86,  -72.51,  -11.84,    35.001,   80.0030,    39.957
 24090.8,16107.69,  -69.43,  -12.21,    35.002,   80.0030,    39.938
 24091.0,16100.74,  -73.96,  -12.19,    35.007,   80.0030,    39.954
 24091.2,16105.84,  -73.48,  -11.81,    35.002,   80.0030,    40.000
 24091.4,16108.42,  -71.87,  -12.12,    35.002,   80.0030,    40.000
 24091.6,16102.98,  -73.70,  -12.17,    34.996,   80.0030,    40.000
 24091.9,16091.91,  -74.66,  -11.79,    34.980,   80.0030,    40.000
 24092.1,16101.79,  -74.90,  -11.96,    35.022,   80.0030,    40.000
 24092.3,16105.18,  -71.43,  -12.21,    35.022,   80.0030,    40.000
 24092.5,16099.01,  -74.37,  -11.52,    35.022,   80.0030,    40.000
 24092.7,16108.19,  -71.22,  -12.53,    35.022,   80.0030,    40.000
 24092.9,16099.62,  -71.51,  -12.12,    35.022,   80.0030,    40.000
 24093.1,16104.81,  -73.10,  -11.92,    35.020,   80.0030,    40.000
 24093.3,16105.41,  -73.25,  -11.91,    35.010,   80.0030,    40.000
 24093.6,16118.86,  -75.69,  -11.54,    35.025,   80.0030,    40.000
 24093.8,16125.27,  -72.81,  -11.79,    35.063,   80.0030,    40.000
 24094.0,16117.09,  -70.73,  -11.88,    35.033,   80.0030,    40.000
 24094.2,16110.72,  -73.41,  -12.11,    35.003,   80.0030,    40.000
 24094.4,16102.37,  -71.50,  -11.80,    34.997,   80.0030,    40.000
 24094.6,16100.30,  -75.24,  -12.17,    34.985,   80.0030,    40.000
 24094.8,16101.30,  -75.06,  -12.58,    34.981,   80.0032,    40.000
 24095.0,16098.67,  -71.92,  -12.32,    34.985,   80.0033,    40.000
 24095.3,16095.52,  -71.65,  -11.74,    34.983,   80.0033,    40.000
 24095.5,16090.43,  -73.23,  -12.48,    34.956,   80.0033,    40.000
 24095.7,16093.17,  -74.07,  -12.24,    34.990,   80.0033,    40.000
 24095.9,16102.44,  -70.70,  -11.95,    35.005,   80.0033,    40.000
 24096.1,16097.61,  -71.40,  -12.86,    35.009,   80.0033,    40.000
 24096.3,16076.17,  -69.90,  -11.73,    34.995,   80.0033,    40.000
 24096.5,16064.99,  -73.30,  -11.65,    34.987,   80.0033,    40.000
 24096.8,16075.54,  -71.46,  -12.76,    35.019,   80.0033,    40.000
 24097.0,16064.67,  -71.72,  -12.91,    35.046,   80.0033,    40.000
 24097.2,16034.03,  -75.36,  -12.18,    35.014,   80.0033,    40.000
 24097.4,16008.53,  -74.65,  -12.20,    35.007,   80.0033,    40.000
 24097.6,15999.30,  -72.50,  -12.32,    34.998,   80.0033,    40.000
 24097.8,15983.62,  -68.85,  -12.33,    34.984,   80.0033,    40.000
 24098.0,15973.14,  -75.60,  -11.80,    34.984,   80.0033,    40.000
 24098.3,15971.73,  -73.08,  -12.22,    34.984,   80.0033,    40.000
 24098.5,15959.29,  -74.39,  -12.32,    34.984,   80.0033,    40.000
 24098.7,15954.39,  -72.92,  -12.28,    34.984,   80.0033,    40.000
 24098.9,15943.53,  -77.26,  -11.94,    34.974,   80.0033,    40.000
 24099.1,15940.58,  -75.14,  -12.47,    34.990,   80.0033,    40.000
 24099.4,15938.87,  -76.56,  -11.84,    34.999,   80.0033,    40.000
 24099.6,15942.81,  -78.01,  -12.19,    34.989,   80.0033,    40.000
 24099.8,15939.63,  -76.62,  -12.09,    34.980,   80.0027,    40.000
 24100.0,15936.47,  -72.87,  -12.03,    34.975,   80.0019,    40.000
 24100.2,15936.98,  -75.04,  -11.92,    34.970,   80.0019,    40.000
 24100.5,15946.21,  -77.55,  -12.60,    34.973,   80.0019,    40.000
 24100.7,15941.80,  -78.05,  -12.19,    34.971,   80.0019,    40.000
 24100.9,15966.50,  -76.10,  -12.17,    34.987,   80.0019,    40.000
 24101.1,15970.81,  -77.75,  -11.67,    34.994,   80.0019,    40.000
 24101.4,15999.24,  -74.81,  -12.23,    35.012,   80.0019,    40.000
 24101.6,16013.52,  -75.74,  -11.72,    35.028,   80.0019,    40.000
 24101.8,16033.11,  -76.50,  -11.65,    35.016,   80.0019,    40.000
 24102.0,16043.94,  -68.99,  -12.13,    34.991,   80.0019,    40.000
 24102.3,16041.41,  -73.43,  -11.81,    34.996,   80.0019,    40.000
 24102.5,16071.36,  -77.77,  -11.77,    35.030,   80.0019,    40.000
 24102.7,16078.26,  -69.85,  -12.22,    35.016,   80.0019,    40.000
 24102.9,16085.17,  -71.14,  -12.13,    35.004,   80.0019,    40.000
 24103.2,16089.60,  -76.32,  -11.84,    34.975,   80.0019,    40.000
