WISPER_raw_data/WISPER_20160918_rawField.ict
40, 1001
David Noone
Oregon State University
Water Vapor Isotopic Analyzer (Picarro L2120i) - H2O concentration, D/H and 18O/16O isotope ratios (delta notation)
ORACLES
1, 1
2016, 09, 18, 2016, 09, 18
0
Start_UTC, seconds
6
1, 1, 1, 1, 1, 1
-9999, -9999, -9999, -9999, -9999, -9999
H2O_ppmv, ppmv
dD_permil, permil
d18O_permil, permil
pressure_cavity, torr
temp_cavity, degrees_celcius
temp_das, degrees_celcius
0
18
PI_CONTACT_INFO: Address: David Noone, CEOAS, Oregon State University, Corvallis OR 97331; email: nooned@oregonstate.edu
PLATFORM: NASA P3B (N426NA), sampling port side foward window from forward facing diffuser inlet
LOCATION: Aircraft location data decribed elsewhere
ASSOCIATED_DATA: see http://espoarchive.nasa.gov/archive/browse/oracles
INSTRUMENT_INFO: Water Vapor Isotopic Analyzer (Picarro L2120-i): cavity-ringdown tunable diode laser spectoscopy.
DATA_INFO: Units are ppmv for H2O and permil relative to SMOW for d18O and dD.
UNCERTAINTY: The absolute accuracy humidity dependent is in the range 1 % for H2O, 1 permil for dD and 0.5 permil for d18O.
ULOD_FLAG: -7777
ULOD_VALUE: N/A
LLOD_FLAG: -8888
LLOD_VALUE: N/A
DM_CONTACT_INFO: David Noone; Oregon State University; nooned@oregonstate.edu
PROJECT_INFO: ORACLES Mission August-October 2016; Southeast Atlantic/Walvis Bay, Namibia
STIPULATIONS_ON_USE: Until made public, only the ORACLES science team is allowed to use this data, per the ORACLES data protocol.
OTHER_COMMENTS: Data is uncalibrated, uncheck and not useful for science at this level
REVISION: RAW
RAW: Raw translation of Picarro output files to ICARTT format
Start_UTC, H2O_ppmv, dD_permil, d18O_permil, pressure_cavity, temp_cavity, temp_das
 23363.7,10858.41, -122.26,   20.12,    35.004,   78.4790,    43.062
 23365.7,10890.07,  -13.09,   -3.81,    35.025,   78.5331,    43.062
[from data line 2087]
 26965.9, 1438.62, -295.90,  -41.71,    35.049,   80.0010,    45.750
 26967.6, 1426.27, -281.35,  -44.09,    34.923,   80.0010,    45.750
 26969.4, 1417.15, -323.15,  -43.54,    35.005,   80.0014,    45.750
 26971.2, 1412.77, -315.27,  -43.32,    35.160,   80.0022,    45.750
 26973.0, 1398.62, -302.98,  -43.79,    35.059,   80.0022,    45.750
 26974.8, 1391.49, -309.89,  -46.01,    34.968,   80.0020,    45.750
 26976.6, 1378.90, -328.49,  -45.29,    34.909,   80.0017,    45.750
 26978.4, 1371.12, -395.73,  -43.49,    34.963,   80.0017,    45.750
 26980.1, 1366.12, -329.94,  -42.47,    35.053,   80.0007,    45.750
 26981.9, 1355.49, -343.02,  -42.79,    35.008,   80.0001,    45.750
 26983.7, 1347.69, -313.71,  -44.11,    34.974,   80.0001,    45.750
 26985.5, 1347.05, -356.04,  -45.14,    35.052,   79.9991,    45.750
 26987.3, 1340.00, -286.56,  -45.30,    34.992,   79.9991,    45.735
 26989.0, 1330.92, -316.13,  -43.96,    34.959,   79.9991,    45.749
 26990.7, 1327.96, -333.11,  -44.57,    35.029,   79.9984,    45.711
 26992.4, 1324.35, -309.31,  -44.96,    35.056,   79.9984,    45.750
 26994.2, 1319.46, -301.65,  -46.84,    35.018,   79.9988,    45.750
 26997.3, 1306.44, -336.35,  -44.19,    34.932,   79.9998,    45.750
 26999.1, 1298.91, -351.70,  -44.76,    34.922,   79.9999,    45.750
 27001.0, 1300.58, -290.01,  -47.59,    34.998,   80.0001,    45.750
 27002.8, 1298.87, -279.32,  -48.93,    35.010,   80.0001,    45.750
 27004.5, 1287.29, -334.28,  -45.04,    34.945,   80.0001,    45.750
 27006.2, 1286.40, -292.47,  -43.86,    35.089,   80.0001,    45.750
 27008.0, 1282.93, -344.99,  -43.09,    35.130,   80.0001,    45.750
 27009.8, 1278.84, -321.58,  -46.37,    35.006,   80.0009,    45.750
 27011.6, 1277.83, -313.86,  -46.32,    35.016,   80.0014,    45.750
 27013.4, 1274.03, -290.38,  -46.88,    34.996,   80.0014,    45.750
 27015.2, 1271.59, -343.39,  -46.30,    34.972,   80.0010,    45.750
 27017.0, 1269.14, -310.44,  -46.06,    35.026,   80.0003,    45.750
 27018.7, 1265.89, -332.49,  -45.73,    34.943,   80.0002,    45.750
 27020.5, 1265.18, -341.79,  -47.51,    34.951,   79.9992,    45.750
 27022.2, 1264.15, -306.57,  -46.81,    35.029,   79.9992,    45.730
 27023.9, 1260.80, -366.30,  -45.25,    34.982,   79.9992,    45.750
 27025.6, 1261.29, -302.03,  -46.65,    34.914,   79.9993,    45.733
 27027.4, 1260.47, -360.23,  -45.03,    35.003,   79.9993,    45.750
 27030.5, 1259.51, -324.13,  -45.51,    35.044,   79.9993,    45.704
 27032.2, 1258.10, -336.65,  -46.69,    34.973,   79.9993,    45.688
 27034.0, 1255.49, -320.97,  -47.82,    34.891,   79.9993,    45.688
 27035.7, 1253.64, -345.22,  -45.98,    34.831,   79.9993,    45.704
 27037.5, 1262.14, -351.78,  -45.98,    35.130,   79.9993,    45.722
 27039.3, 1262.71, -348.57,  -48.33,    35.081,   79.9990,    45.688
 27041.2, 1259.57, -285.44,  -50.33,    34.948,   79.9973,    45.699
 27043.0, 1261.39, -325.61,  -46.41,    35.113,   79.9973,    45.688
 27044.7, 1260.20, -376.98,  -46.26,    35.100,   79.9978,    45.704
 27046.5, 1256.91, -322.84,  -46.80,    34.977,   79.9996,    45.727
 27048.4, 1251.23, -385.16,  -45.28,    34.979,   79.9996,    45.700
 27050.2, 1249.66, -330.61,  -48.48,    34.996,   79.9986,    45.688
 27052.0, 1247.42, -291.01,  -48.20,    34.991,   79.9981,    45.688
 27053.8, 1239.45, -326.03,  -46.34,    34.961,   79.9981,    45.688
 27055.5, 1234.33, -304.53,  -48.08,    34.869,   79.9963,    45.688
 27057.2, 1236.03, -345.60,  -47.21,    34.938,   79.9953,    45.688
 27059.0, 1237.21, -328.41,  -47.50,    35.132,   79.9953,    45.704
 27060.8, 1234.98, -308.27,  -48.55,    35.041,   79.9970,    45.688
 27063.9, 1228.09, -343.55,  -45.74,    35.004,   79.9975,    45.688
 27065.7, 1229.81, -343.70,  -47.36,    35.038,   79.9995,    45.688
 27067.4, 1227.75, -330.54,  -48.04,    34.983,   79.9995,    45.688
 27069.1, 1224.56, -328.13,  -46.64,    34.942,   79.9995,    45.688
 27070.8, 1227.00, -323.14,  -49.61,    34.926,   79.9994,    45.688
 27072.5, 1229.48, -312.91,  -49.52,    35.000,   79.9994,    45.707
 27074.2, 1226.43, -373.42,  -45.16,    35.112,   79.9994,    45.688
 27075.9, 1224.77, -334.14,  -48.16,    35.013,   79.9998,    45.738
 27077.7, 1222.30, -366.72,  -48.14,    34.989,   79.9998,    45.744
 27079.5, 1220.36, -392.51,  -46.63,    35.022,   79.9998,    45.719
 27081.2, 1221.21, -322.22,  -48.47,    35.048,   80.0008,    45.750
 27082.9, 1217.31, -337.66,  -48.86,    35.029,   80.0009,    45.742
 27084.7, 1212.88, -352.22,  -46.65,    35.002,   80.0006,    45.688
 27086.4, 1207.75, -385.01,  -48.60,    34.894,   79.9996,    45.688
 27088.1, 1207.28, -336.25,  -48.39,    34.933,   79.9996,    45.728
 27089.8, 1207.17, -366.33,  -49.05,    35.066,   79.9991,    45.734
 27091.6, 1198.90, -351.43,  -47.89,    35.013,   79.9985,    45.750
 27093.4, 1191.48, -334.62,  -46.58,    35.023,   79.9985,    45.750
 27096.5, 1185.45, -371.75,  -48.06,    35.096,   79.9990,    45.750
 27098.3, 1174.47, -359.00,  -47.19,    35.006,   79.9990,    45.750
 27100.0, 1169.73, -378.92,  -47.37,    34.971,   79.9989,    45.750
 27101.7, 1172.43, -327.94,  -49.44,    34.980,   79.9988,    45.750
 27103.5, 1167.30, -343.16,  -51.07,    34.883,   79.9988,    45.750
 27105.2, 1166.74, -340.46,  -46.39,    35.036,   79.9984,    45.750
 27106.9, 1164.07, -380.28,  -46.63,    35.097,   79.9981,    45.750
 27108.7, 1162.61, -276.37,  -50.15,    35.014,   79.9981,    45.750
 27110.6, 1157.80, -364.99,  -48.42,    34.990,   79.9971,    45.750
 27112.4, 1155.50, -344.15,  -49.02,    35.007,   79.9965,    45.750
 27114.2, 1153.18, -342.85,  -48.49,    34.995,   79.9965,    45.750
 27116.0, 1152.28, -386.39,  -49.58,    35.023,   79.9958,    45.750
 27117.8, 1150.37, -342.89,  -50.78,    34.940,   79.9958,    45.750
 27119.6, 1146.06, -342.93,  -50.38,    34.867,   79.9962,    45.750
 27121.3, 1144.37, -312.54,  -48.15,    35.036,   79.9969,    45.750
 27123.0, 1144.33, -277.43,  -49.70,    35.108,   79.9969,    45.750
 27124.9, 1133.79, -324.91,  -47.09,    35.023,   79.9972,    45.750
 27126.7, 1128.15, -400.20,  -49.40,    34.997,   79.9976,    45.750
 27129.9, 1120.53, -376.14,  -50.19,    35.069,   79.9976,    45.750
 27131.7, 1104.57, -407.56,  -46.16,    35.001,   79.9976,    45.750
 27133.5, 1104.71, -330.17,  -50.43,    34.959,   79.9976,    45.750
 27135.2, 1097.65, -329.28,  -52.34,    34.923,   79.9978,    45.750
 27136.9, 1091.90, -334.74,  -51.24,    35.000,   79.9980,    45.750
 27138.6, 1086.53, -365.44,  -49.33,    35.073,   79.9980,    45.750
 27140.4, 1072.95, -376.62,  -45.68,    35.002,   79.9980,    45.750
 27142.1, 1068.21, -312.88,  -47.99,    34.983,   79.9980,    45.766
 27143.9, 1063.55, -399.64,  -47.97,    35.079,   79.9980,    45.750
 27145.6, 1055.23, -361.11,  -49.23,    35.039,   79.9994,    45.750
 27147.4, 1049.38, -324.47,  -50.21,    34.985,   80.0003,    45.750
 27149.2, 1041.29, -331.24,  -49.82,    35.003,   80.0003,    45.731
 27150.9, 1037.05, -377.45,  -52.54,    34.989,   80.0004,    45.706
 27152.6, 1026.77, -332.30,  -50.17,    34.991,   80.0004,    45.733
 27154.3, 1018.61, -362.34,  -49.00,    34.955,   80.0004,    45.750
 27156.1, 1013.40, -336.15,  -52.56,    34.864,   80.0005,    45.750
 27157.8, 1006.60, -345.57,  -50.02,    35.009,   80.0005,    45.750
 27159.5, 1001.75, -360.69,  -48.19,    35.115,   80.0007,    45.750
 27162.6,  986.72, -361.91,  -51.17,    34.970,   80.0010,    45.750
 27164.3,  979.10, -414.14,  -47.81,    35.009,   80.0010,    45.750
 27166.1,  973.44, -350.26,  -48.65,    35.095,   80.0023,    45.750
 27167.8,  966.11, -371.40,  -51.07,    35.004,   80.0023,    45.750
 27169.6,  956.64, -401.20,  -48.15,    34.969,   80.0021,    45.750
 27171.3,  950.10, -400.03,  -51.89,    34.896,   80.0018,    45.750
 27173.0,  944.94, -278.36,  -51.39,    34.907,   80.0018,    45.750
 27174.8,  936.48, -337.17,  -47.01,    35.086,   80.0015,    45.748
 27176.6,  928.21, -350.86,  -48.88,    34.990,   80.0008,    45.750
 27178.3,  923.53, -353.66,  -52.92,    34.935,   80.0008,    45.750
 27180.0,  919.09, -367.21,  -49.97,    35.086,   80.0007,    45.750
 27181.7,  911.45, -451.16,  -47.23,    35.014,   80.0007,    45.732
 27183.5,  911.15, -270.60,  -51.46,    34.963,   80.0007,    45.750
 27185.2,  910.06, -327.11,  -50.04,    34.993,   80.0003,    45.750
 27187.0,  911.42, -340.47,  -50.19,    35.028,   79.9997,    45.750
 27188.8,  912.98, -353.81,  -49.52,    35.006,   79.9997,    45.750
 27190.6,  911.80, -321.39,  -49.72,    34.994,   80.0000,    45.750
 27192.4,  909.48, -370.18,  -51.00,    34.837,   80.0001,    45.750
 27195.5,  916.09, -329.38,  -51.01,    35.070,   79.9996,    45.750
 27197.3,  915.10, -316.90,  -49.84,    35.092,   79.9996,    45.750
 27199.1,  910.30, -443.65,  -49.49,    35.028,   79.9997,    45.713
 27200.7,  910.87, -363.74,  -49.73,    35.033,   80.0012,    45.750
 27202.5,  910.16, -358.80,  -49.29,    35.037,   80.0012,    45.750
 27204.2,  910.17, -344.08,  -52.31,    34.960,   80.0008,    45.750
 27205.9,  909.62, -295.16,  -51.84,    34.983,   79.9999,    45.750
 27207.6,  905.47, -374.04,  -50.52,    34.919,   79.9999,    45.750
 27209.3,  905.11, -370.44,  -49.26,    34.949,   80.0000,    45.750
 27211.0,  908.03, -370.24,  -49.96,    35.095,   80.0001,    45.750
 27212.7,  906.76, -418.08,  -50.15,    35.025,   80.0001,    45.750
 27214.5,  907.98, -304.08,  -55.56,    34.968,   80.0001,    45.750
 27216.2,  905.37, -320.11,  -50.38,    35.066,   79.9999,    45.750
 27217.9,  904.59, -322.31,  -49.56,    35.057,   79.9999,    45.750
 27219.8,  901.78, -428.81,  -48.97,    34.991,   79.9995,    45.750
 27221.5,  899.97, -378.19,  -50.55,    34.991,   79.9990,    45.750
 27223.2,  898.47, -397.23,  -51.03,    34.958,   79.9990,    45.711
 27224.9,  895.66, -425.85,  -48.89,    34.971,   79.9995,    45.723
 27228.0,  897.28, -284.15,  -53.54,    34.898,   79.9998,    45.745
 27229.8,  891.84, -368.50,  -51.46,    34.869,   80.0008,    45.688
 27231.5,  896.31, -384.69,  -50.78,    35.160,   80.0017,    45.688
 27233.2,  891.74, -343.80,  -49.98,    35.137,   80.0017,    45.688
 27235.0,  886.02, -355.65,  -50.04,    35.004,   80.0021,    45.688
 27236.7,  881.27, -394.03,  -49.97,    34.967,   80.0023,    45.704
 27238.4,  878.58, -338.01,  -52.21,    34.910,   80.0023,    45.750
 27240.0,  874.37, -356.21,  -51.46,    34.981,   80.0019,    45.688
 27241.7,  868.09, -363.77,  -48.23,    35.038,   80.0019,    45.716
 27243.4,  864.55, -371.03,  -49.84,    34.979,   80.0019,    45.750
 27245.0,  861.61, -365.71,  -52.03,    34.916,   80.0029,    45.716
 27246.6,  859.39, -382.69,  -49.94,    35.106,   80.0036,    45.704
 27248.4,  855.15, -286.80,  -49.90,    35.100,   80.0036,    45.734
 27250.1,  848.16, -385.69,  -50.44,    34.993,   80.0041,    45.709
 27251.8,  845.55, -367.03,  -52.28,    34.968,   80.0044,    45.693
 27253.6,  842.97, -339.07,  -52.05,    35.008,   80.0044,    45.732
 27255.4,  835.77, -371.28,  -50.76,    35.037,   80.0050,    45.710
 27257.1,  833.21, -363.61,  -50.88,    35.004,   80.0050,    45.735
 27260.2,  825.51, -404.05,  -51.79,    34.868,   80.0054,    45.688
 27261.8,  825.96, -295.57,  -50.65,    35.014,   80.0055,    45.699
 27263.4,  823.97, -335.34,  -50.14,    35.016,   80.0055,    45.717
 27265.1,  823.23, -347.19,  -50.85,    34.993,   80.0047,    45.688
 27266.7,  823.16, -318.66,  -53.01,    35.016,   80.0041,    45.688
 27268.4,  823.26, -358.56,  -51.48,    35.162,   80.0041,    45.688
 27270.1,  817.49, -349.85,  -50.79,    35.037,   80.0040,    45.688
 27271.9,  817.13, -399.70,  -51.61,    34.983,   80.0040,    45.688
 27273.7,  817.69, -339.09,  -52.67,    35.004,   80.0040,    45.688
 27275.5,  811.16, -383.05,  -49.69,    34.969,   80.0044,    45.688
 27277.3,  810.86, -360.40,  -51.28,    34.999,   80.0044,    45.688
 27279.1,  808.61, -319.68,  -52.50,    35.011,   80.0043,    45.688
 27280.8,  803.89, -314.24,  -54.41,    34.856,   80.0028,    45.724
 27282.5,  797.74, -423.31,  -47.99,    34.956,   80.0028,    45.705
 27284.2,  798.69, -380.57,  -48.99,    35.046,   80.0025,    45.688
 27285.9,  803.21, -327.14,  -56.45,    34.984,   80.0020,    45.688
 27287.6,  800.13, -331.90,  -52.84,    35.014,   80.0020,    45.688
 27289.2,  802.23, -353.57,  -50.72,    35.120,   80.0023,    45.688
 27292.3,  801.31, -356.09,  -49.97,    34.977,   80.0036,    45.688
 27293.9,  802.47, -380.36,  -50.50,    34.977,   80.0034,    45.688
 27295.6,  803.48, -408.24,  -49.90,    34.952,   80.0020,    45.688
 27297.3,  806.40, -327.87,  -51.75,    34.966,   80.0020,    45.688
 27299.1,  808.81, -342.66,  -50.27,    35.082,   80.0019,    45.688
 27300.9,  808.57, -350.34,  -49.26,    35.029,   80.0011,    45.688
 27302.7,  811.85, -286.95,  -53.04,    35.019,   80.0011,    45.688
 27304.5,  809.18, -434.70,  -50.34,    35.013,   80.0013,    45.688
 27306.2,  812.24, -302.84,  -53.36,    35.011,   80.0016,    45.688
 27308.0,  810.57, -383.87,  -50.45,    35.011,   80.0016,    45.688
 27309.7,  812.26, -429.51,  -51.88,    34.970,   80.0017,    45.688
 27311.5,  815.38, -359.54,  -52.34,    34.960,   80.0019,    45.688
 27313.2,  820.14, -345.63,  -48.25,    34.987,   80.0019,    45.688
 27314.9,  826.85, -362.55,  -52.34,    34.961,   80.0019,    45.688
 27316.6,  832.47, -373.48,  -52.19,    34.977,   80.0018,    45.688
 27318.3,  840.44, -346.07,  -51.90,    35.099,   80.0018,    45.688
 27320.1,  844.65, -417.40,  -50.47,    35.059,   80.0022,    45.688
 27321.9,  848.61, -405.42,  -51.09,    35.025,   80.0025,    45.688
 27324.9,  852.88, -401.29,  -50.97,    34.852,   80.0040,    45.698
 27326.6,  857.64, -352.71,  -49.74,    34.900,   80.0055,    45.716
 27328.2,  861.49, -400.44,  -48.59,    35.047,   80.0055,    45.688
 27329.9,  868.12, -314.67,  -53.01,    34.993,   80.0060,    45.743
 27331.6,  868.51, -395.42,  -51.85,    34.981,   80.0062,    45.688
 27333.3,  871.29, -413.44,  -47.75,    35.120,   80.0062,    45.688
 27335.1,  874.59, -388.73,  -50.94,    35.069,   80.0067,    45.688
 27336.8,  875.53, -408.17,  -49.26,    34.998,   80.0076,    45.712
 27338.6,  880.33, -351.70,  -51.09,    34.959,   80.0076,    45.715
 27340.4,  885.06, -326.62,  -51.80,    34.932,   80.0072,    45.720
 27342.2,  886.60, -349.60,  -45.50,    35.017,   80.0070,    45.740
 27343.9,  893.50, -413.10,  -51.63,    35.008,   80.0070,    45.730
 27345.5,  898.21, -292.92,  -52.93,    34.964,   80.0055,    45.721
 27347.3,  901.21, -360.56,  -50.62,    35.050,   80.0050,    45.688
 27349.1,  905.35, -318.18,  -48.64,    35.047,   80.0048,    45.688
 27350.9,  905.82, -409.11,  -46.81,    35.009,   80.0038,    45.704
 27352.6,  911.75, -345.27,  -50.28,    35.009,   80.0038,    45.704
 27354.3,  913.34, -386.86,  -50.01,    34.998,   80.0038,    45.730
 27357.4,  913.11, -322.18,  -45.84,    34.981,   80.0026,    45.688
 27359.2,  913.03, -340.76,  -48.91,    34.897,   80.0026,    45.688
 27360.8,  916.59, -313.65,  -51.00,    34.862,   80.0013,    45.688
 27362.6,  918.23, -286.09,  -48.01,    35.136,   80.0009,    45.688
 27364.4,  914.71, -385.07,  -44.98,    35.125,   80.0008,    45.688
 27366.1,  910.44, -362.82,  -46.00,    35.004,   80.0001,    45.688
 27367.8,  909.16, -375.55,  -44.98,    35.036,   80.0001,    45.688
 27369.5,  907.11, -356.66,  -46.47,    35.002,   80.0006,    45.688
 27371.2,  904.26, -318.60,  -46.29,    34.986,   80.0026,    45.688
 27372.9,  901.07, -365.99,  -44.71,    34.999,   80.0026,    45.708
 27374.6,  897.17, -349.22,  -45.07,    34.950,   80.0025,    45.721
 27376.3,  899.38, -366.03,  -46.42,    34.974,   80.0007,    45.688
 27378.0,  897.16, -281.58,  -48.18,    35.064,   80.0007,    45.688
 27379.6,  891.34, -303.90,  -48.02,    35.002,   80.0007,    45.742
 27381.3,  888.41, -273.35,  -44.92,    34.998,   80.0013,    45.731
 27383.0,  886.22, -334.45,  -43.74,    35.075,   80.0013,    45.730
