WISPER_raw_data/WISPER_20160830_rawField.ict
40, 1001
David Noone
Oregon State University
Water Vapor Isotopic Analyzer (Picarro L2120i) - H2O concentration, D/H and 18O/16O isotope ratios (delta notation)
ORACLES
1, 1
2016, 08, 30, 2016, 08, 30
0
Start_UTC, seconds
6
1, 1, 1, 1, 1, 1
-9999, -9999, -9999, -9999, -9999, -9999
H2O_ppmv, ppmv
dD_permil, permil
d18O_permil, permil
pressure_cavity, torr
temp_cavity, degrees_celcius
temp_das, degrees_celcius
0
18
PI_CONTACT_INFO: Address: David Noone, CEOAS, Oregon State University, Corvallis OR 97331; email: nooned@oregonstate.edu
PLATFORM: NASA P3B (N426NA), sampling port side foward window from forward facing diffuser inlet
LOCATION: Aircraft location data decribed elsewhere
ASSOCIATED_DATA: see http://espoarchive.nasa.gov/archive/browse/oracles
INSTRUMENT_INFO: Water Vapor Isotopic Analyzer (Picarro L2120-i): cavity-ringdown tunable diode laser spectoscopy.
DATA_INFO: Units are ppmv for H2O and permil relative to SMOW for d18O and dD.
UNCERTAINTY: The absolute accuracy humidity dependent is in the range 1 % for H2O, 1 permil for dD and 0.5 permil for d18O.
ULOD_FLAG: -7777
ULOD_VALUE: N/A
LLOD_FLAG: -8888
LLOD_VALUE: N/A
DM_CONTACT_INFO: David Noone; Oregon State University; nooned@oregonstate.edu
PROJECT_INFO: ORACLES Mission August-October 2016; Southeast Atlantic/Walvis Bay, Namibia
STIPULATIONS_ON_USE: Until made public, only the ORACLES science team is allowed to use this data, per the ORACLES data protocol.
OTHER_COMMENTS: Data is uncalibrated, uncheck and not useful for science at this level
REVISION: RAW
RAW: Raw translation of Picarro output files to ICARTT format
Start_UTC, H2O_ppmv, dD_permil, d18O_permil, pressure_cavity, temp_cavity, temp_das
 22753.2,16089.64,  -62.23,  -19.32,    34.987,   78.2884,    35.188
 22753.5,15908.35,  -59.35,  -15.13,    35.008,   78.2884,    35.188
[from data line 7421]
 24351.8,16059.47,  -69.05,  -12.26,    35.000,   79.9995,    40.312
 24352.1,16039.63,  -70.43,  -11.69,    34.992,   79.9995,    40.312
 24352.3,16033.88,  -67.57,  -11.86,    34.954,   79.9995,    40.312
 24352.5,16023.59,  -69.07,  -12.07,    34.954,   79.9995,    40.312
 24352.7,16020.59,  -70.68,  -12.19,    34.954,   79.9995,    40.312
 24352.9,16020.18,  -69.88,  -12.17,    34.954,   79.9995,    40.312
 24353.2,16033.72,  -68.58,  -12.57,    34.959,   79.9995,    40.312
 24353.4,16035.23,  -68.50,  -11.60,    35.010,   79.9995,    40.312
 24353.6,16047.01,  -68.75,  -11.74,    35.003,   79.9995,    40.312
 24353.8,16041.57,  -70.15,  -11.62,    35.018,   79.9995,    40.312
 24354.0,16059.81,  -71.16,  -11.72,    35.042,   79.9995,    40.312
 24354.3,16057.75,  -72.46,  -11.69,    35.014,   79.9995,    40.312
 24354.5,16042.19,  -72.41,  -11.23,    35.016,   79.9995,    40.312
 24354.7,16056.94,  -70.83,  -11.82,    35.023,   79.9999,    40.312
 24354.9,16049.91,  -71.14,  -12.28,    35.024,   80.0000,    40.312
 24355.2,16049.10,  -69.55,  -11.70,    35.032,   80.0000,    40.312
 24355.4,16058.84,  -69.73,  -12.17,    35.016,   80.0000,    40.312
 24355.6,16045.02,  -68.85,  -12.17,    34.994,   80.0000,    40.312
 24355.8,16045.14,  -69.55,  -11.32,    35.003,   80.0000,    40.312
 24356.0,16067.81,  -69.56,  -11.76,    35.010,   80.0000,    40.312
 24356.3,16052.80,  -70.56,  -11.73,    35.002,   80.0000,    40.312
 24356.5,16059.81,  -68.43,  -12.03,    35.004,   80.0000,    40.312
 24356.7,16076.73,  -72.21,  -11.66,    35.011,   80.0000,    40.312
 24356.9,16058.23,  -66.06,  -11.48,    35.011,   80.0000,    40.312
 24357.1,16077.13,  -71.78,  -12.13,    35.001,   80.0000,    40.312
 24357.4,16064.20,  -68.37,  -11.62,    34.999,   80.0000,    40.312
 24357.6,16072.09,  -69.87,  -11.77,    34.999,   80.0000,    40.312
 24357.8,16074.04,  -69.86,  -11.87,    34.966,   80.0000,    40.312
 24358.0,16054.35,  -68.33,  -11.82,    34.938,   80.0000,    40.312
 24358.2,16063.17,  -69.64,  -12.61,    34.981,   80.0000,    40.312
 24358.5,16065.17,  -69.00,  -12.10,    34.981,   80.0000,    40.312
 24358.7,16056.57,  -69.81,  -11.70,    34.981,   80.0000,    40.312
 24358.9,16067.97,  -68.25,  -12.05,    34.981,   80.0000,    40.312
 24359.1,16081.97,  -68.84,  -12.42,    34.981,   80.0000,    40.312
 24359.4,16074.37,  -70.90,  -11.37,    34.981,   80.0000,    40.312
 24359.6,16072.32,  -70.37,  -11.58,    35.002,   80.0000,    40.312
 24359.8,16095.77,  -70.51,  -12.02,    35.046,   80.0000,    40.312
 24360.1,16085.34,  -69.82,  -12.23,    35.042,   79.9999,    40.312
 24360.3,16087.24,  -69.19,  -12.07,    34.996,   79.9997,    40.312
 24360.5,16082.39,  -69.25,  -11.70,    34.991,   79.9997,    40.312
 24360.8,16091.49,  -68.91,  -12.11,    34.969,   79.9997,    40.312
 24361.0,16097.76,  -67.99,  -12.17,    34.987,   79.9997,    40.312
 24361.2,16109.78,  -70.52,  -12.10,    35.021,   79.9997,    40.312
 24361.4,16104.98,  -66.17,  -12.05,    35.010,   79.9997,    40.312
 24361.7,16108.20,  -69.96,  -12.27,    34.992,   79.9997,    40.312
 24361.9,16104.64,  -71.10,  -11.74,    34.978,   79.9997,    40.312
 24362.1,16109.28,  -68.35,  -12.16,    34.981,   79.9997,    40.312
 24362.3,16111.44,  -69.98,  -11.89,    34.996,   79.9997,    40.312
 24362.5,16122.51,  -69.10,  -11.87,    35.022,   79.9997,    40.312
 24362.8,16116.16,  -69.02,  -12.02,    34.990,   79.9997,    40.312
 24363.0,16123.06,  -66.41,  -12.41,    34.990,   79.9997,    40.312
 24363.2,16125.84,  -69.96,  -12.16,    34.978,   79.9997,    40.312
 24363.4,16113.30,  -72.00,  -11.60,    34.982,   79.9997,    40.312
 24363.6,16126.26,  -72.11,  -11.53,    34.985,   79.9997,    40.352
 24363.9,16128.24,  -70.57,  -12.02,    34.983,   79.9997,    40.375
 24364.1,16129.40,  -70.62,  -12.08,    34.981,   79.9997,    40.357
 24364.3,16124.85,  -69.55,  -11.93,    35.046,   79.9994,    40.375
 24364.5,16137.00,  -67.44,  -12.28,    35.046,   79.9994,    40.375
 24364.7,16131.08,  -72.14,  -11.76,    35.046,   79.9994,    40.375
 24365.0,16147.24,  -67.59,  -12.31,    35.046,   79.9994,    40.375
 24365.2,16153.74,  -68.66,  -11.73,    35.042,   79.9994,    40.349
 24365.4,16162.84,  -70.21,  -11.94,    35.036,   79.9994,    40.312
 24365.6,16170.02,  -69.25,  -12.22,    35.024,   79.9994,    40.346
 24365.8,16171.15,  -68.59,  -12.12,    35.013,   79.9994,    40.375
 24366.1,16151.60,  -70.26,  -11.74,    35.006,   79.9994,    40.375
 24366.3,16151.35,  -70.43,  -11.35,    35.001,   79.9994,    40.330
 24366.5,16158.89,  -72.25,  -11.53,    35.001,   79.9994,    40.312
 24366.7,16155.37,  -71.07,  -11.35,    35.001,   79.9994,    40.312
 24366.9,16168.59,  -69.18,  -11.83,    35.001,   79.9994,    40.312
 24367.2,16162.99,  -68.79,  -11.95,    34.996,   79.9994,    40.312
 24367.4,16163.76,  -67.78,  -11.63,    34.985,   79.9994,    40.312
 24367.6,16164.45,  -71.78,  -11.43,    34.987,   79.9994,    40.333
 24367.8,16174.38,  -67.74,  -12.04,    35.005,   79.9994,    40.375
 24368.0,16184.99,  -68.43,  -11.86,    34.994,   79.9994,    40.375
 24368.2,16174.73,  -73.97,  -10.95,    35.016,   79.9994,    40.375
 24368.5,16194.38,  -71.09,  -11.62,    35.035,   79.9994,    40.375
 24368.7,16196.89,  -69.63,  -11.44,    35.036,   79.9994,    40.328
 24368.9,16200.89,  -69.99,  -11.76,    35.034,   79.9994,    40.312
 24369.1,16199.33,  -69.10,  -12.29,    35.036,   79.9994,    40.339
 24369.3,16205.36,  -67.35,  -12.19,    35.037,   79.9994,    40.375
 24369.5,16199.76,  -71.47,  -11.03,    35.033,   79.9994,    40.375
 24369.8,16192.67,  -67.81,  -11.85,    34.969,   79.9994,    40.375
 24370.0,16189.65,  -69.37,  -12.07,    34.969,   79.9991,    40.375
 24370.2,16198.25,  -66.66,  -11.90,    34.989,   79.9990,    40.375
 24370.4,16187.23,  -69.85,  -11.38,    34.989,   79.9990,    40.375
 24370.6,16188.58,  -68.72,  -11.90,    34.989,   79.9990,    40.375
 24370.8,16202.38,  -67.31,  -12.16,    34.989,   79.9990,    40.375
 24371.0,16196.49,  -69.61,  -11.74,    34.989,   79.9990,    40.375
 24371.2,16194.50,  -69.38,  -12.19,    34.989,   79.9990,    40.375
 24371.4,16209.45,  -70.37,  -12.09,    34.984,   79.9990,    40.375
 24371.6,16205.81,  -68.53,  -12.06,    34.998,   79.9990,    40.375
 24371.8,16198.04,  -69.64,  -11.34,    35.010,   79.9990,    40.359
 24372.0,16209.05,  -69.15,  -11.67,    34.995,   79.9990,    40.312
 24372.2,16212.44,  -69.33,  -11.67,    35.022,   79.9990,    40.312
 24372.5,16224.21,  -70.44,  -11.84,    35.022,   79.9990,    40.312
 24372.7,16208.62,  -69.55,  -11.28,    35.007,   79.9990,    40.312
 24372.9,16198.90,  -69.91,  -11.72,    34.974,   79.9990,    40.355
 24373.1,16209.69,  -66.62,  -11.96,    34.962,   79.9990,    40.345
 24373.3,16217.53,  -70.83,  -11.48,    34.974,   79.9990,    40.312
 24373.5,16226.56,  -66.95,  -11.65,    35.018,   79.9990,    40.319
 24373.7,16234.05,  -66.75,  -11.60,    34.986,   79.9990,    40.375
 24374.0,16227.96,  -67.92,  -11.50,    34.991,   79.9990,    40.375
 24374.2,16239.55,  -69.98,  -12.17,    35.013,   79.9990,    40.375
 24374.4,16238.30,  -68.54,  -11.54,    35.004,   79.9990,    40.375
 24374.6,16232.62,  -68.99,  -11.98,    34.996,   79.9990,    40.375
 24374.8,16242.32,  -70.90,  -11.79,    35.007,   79.9990,    40.375
 24375.0,16240.81,  -72.49,  -11.69,    35.022,   79.9990,    40.375
 24375.2,16246.38,  -68.61,  -11.76,    35.026,   79.9990,    40.375
 24375.4,16249.75,  -68.98,  -11.47,    35.026,   79.9990,    40.375
 24375.6,16249.30,  -72.55,  -11.09,    35.026,   79.9990,    40.375
 24375.9,16259.78,  -68.55,  -11.92,    34.984,   79.9990,    40.375
 24376.1,16246.05,  -69.10,  -11.30,    34.984,   79.9990,    40.375
 24376.3,16245.40,  -69.86,  -11.67,    34.984,   79.9990,    40.375
 24376.5,16247.95,  -70.03,  -12.09,    34.984,   79.9990,    40.375
 24376.7,16254.33,  -67.27,  -12.46,    34.992,   79.9990,    40.375
 24376.9,16257.83,  -68.22,  -11.83,    34.996,   79.9990,    40.375
 24377.1,16256.11,  -67.95,  -11.61,    34.998,   79.9990,    40.375
 24377.3,16266.97,  -68.77,  -12.04,    34.988,   79.9990,    40.375
 24377.5,16262.94,  -67.61,  -11.80,    34.975,   79.9990,    40.375
 24377.7,16260.68,  -70.18,  -11.39,    35.008,   79.9990,    40.375
 24378.0,16262.75,  -68.74,  -11.99,    34.983,   79.9990,    40.375
 24378.2,16283.06,  -69.74,  -11.75,    35.016,   79.9990,    40.375
 24378.4,16270.62,  -70.40,  -11.48,    35.029,   79.9990,    40.375
 24378.6,16265.57,  -68.38,  -12.01,    35.012,   79.9990,    40.375
 24378.8,16266.62,  -68.98,  -11.51,    35.012,   79.9990,    40.375
 24379.0,16262.23,  -69.21,  -11.15,    35.021,   79.9990,    40.375
 24379.2,16257.21,  -66.96,  -11.76,    35.026,   79.9990,    40.375
 24379.5,16254.97,  -71.51,  -11.45,    35.006,   79.9990,    40.375
 24379.7,16265.16,  -67.41,  -11.77,    35.008,   79.9990,    40.375
 24379.9,16255.97,  -68.81,  -11.77,    35.004,   79.9990,    40.375
 24380.1,16248.70,  -69.17,  -11.77,    34.985,   79.9989,    40.375
 24380.3,16242.46,  -70.59,  -11.71,    34.973,   79.9988,    40.375
 24380.5,16246.37,  -68.08,  -11.59,    34.981,   79.9988,    40.375
 24380.7,16258.07,  -68.54,  -12.02,    34.963,   79.9988,    40.375
 24380.9,16253.43,  -68.16,  -12.02,    34.974,   79.9988,    40.375
 24381.1,16270.05,  -68.56,  -12.01,    34.994,   79.9988,    40.375
 24381.4,16256.73,  -70.53,  -10.98,    35.007,   79.9988,    40.375
 24381.6,16262.02,  -68.45,  -11.57,    35.013,   79.9988,    40.375
 24381.8,16273.98,  -68.84,  -11.65,    35.013,   79.9988,    40.375
 24382.0,16277.65,  -67.56,  -11.63,    34.988,   79.9988,    40.375
 24382.2,16265.01,  -70.14,  -11.64,    34.988,   79.9988,    40.375
 24382.4,16269.66,  -68.32,  -12.11,    34.988,   79.9988,    40.375
 24382.6,16268.48,  -67.09,  -11.73,    34.978,   79.9988,    40.375
 24382.8,16257.24,  -69.30,  -11.39,    34.971,   79.9988,    40.375
 24383.0,16282.32,  -68.73,  -11.63,    34.971,   79.9988,    40.375
 24383.2,16284.09,  -68.28,  -11.56,    34.971,   79.9988,    40.375
 24383.5,16289.96,  -66.41,  -11.67,    35.007,   79.9988,    40.375
 24383.7,16289.31,  -67.77,  -11.67,    35.045,   79.9988,    40.326
 24383.9,16279.05,  -67.50,  -11.73,    35.006,   79.9988,    40.312
 24384.1,16271.88,  -68.49,  -11.78,    34.986,   79.9988,    40.312
 24384.3,16285.07,  -68.33,  -12.23,    34.991,   79.9988,    40.359
 24384.5,16276.86,  -69.95,  -11.98,    34.993,   79.9988,    40.375
 24384.7,16255.51,  -70.64,  -11.16,    34.988,   79.9988,    40.375
 24384.9,16278.05,  -66.16,  -11.92,    34.979,   79.9988,    40.375
 24385.2,16275.37,  -69.65,  -11.94,    35.013,   79.9985,    40.375
 24385.4,16279.40,  -70.78,  -11.84,    35.043,   79.9984,    40.375
 24385.6,16263.21,  -69.22,  -12.10,    35.030,   79.9984,    40.375
 24385.8,16266.45,  -66.69,  -11.35,    34.985,   79.9984,    40.375
 24386.0,16267.15,  -69.34,  -11.76,    35.031,   79.9984,    40.375
 24386.2,16249.50,  -70.33,  -11.38,    34.974,   79.9984,    40.375
 24386.4,16257.27,  -68.78,  -11.86,    34.971,   79.9984,    40.375
 24386.6,16263.49,  -67.82,  -12.38,    34.958,   79.9984,    40.375
 24386.8,16272.13,  -70.41,  -11.85,    34.966,   79.9984,    40.375
 24387.0,16272.05,  -67.94,  -11.86,    34.998,   79.9984,    40.375
 24387.2,16289.34,  -68.84,  -12.39,    34.993,   79.9984,    40.375
 24387.4,16266.73,  -69.82,  -11.70,    34.993,   79.9984,    40.375
 24387.7,16264.78,  -68.97,  -11.62,    35.044,   79.9984,    40.375
 24387.9,16261.04,  -69.82,  -11.58,    35.044,   79.9984,    40.375
 24388.1,16282.50,  -70.77,  -11.57,    35.044,   79.9984,    40.375
 24388.3,16278.39,  -70.62,  -11.46,    35.044,   79.9984,    40.375
 24388.5,16268.89,  -70.56,  -11.48,    35.044,   79.9984,    40.375
 24388.7,16274.10,  -68.44,  -11.56,    35.044,   79.9984,    40.375
 24388.9,16297.75,  -67.18,  -12.11,    35.034,   79.9984,    40.375
 24389.2,16281.83,  -71.69,  -11.18,    35.038,   79.9984,    40.375
 24389.4,16287.72,  -68.34,  -12.16,    35.049,   79.9984,    40.375
 24389.6,16270.98,  -70.78,  -12.05,    35.035,   79.9984,    40.375
 24389.8,16262.16,  -69.72,  -12.09,    34.977,   79.9984,    40.375
 24390.0,16263.76,  -70.14,  -11.85,    34.939,   79.9984,    40.375
 24390.2,16282.28,  -68.99,  -12.24,    34.972,   79.9981,    40.375
 24390.5,16284.83,  -66.79,  -12.64,    35.024,   79.9981,    40.375
 24390.7,16281.20,  -67.40,  -12.43,    34.984,   79.9981,    40.375
 24390.9,16273.98,  -66.00,  -11.23,    35.005,   79.9981,    40.375
 24391.1,16285.83,  -71.08,  -11.55,    35.023,   79.9981,    40.375
 24391.3,16270.71,  -69.32,  -11.13,    35.039,   79.9981,    40.375
 24391.5,16270.35,  -67.76,  -12.13,    35.048,   79.9981,    40.375
 24391.7,16281.60,  -67.94,  -12.16,    34.994,   79.9981,    40.375
 24391.9,16281.37,  -68.78,  -11.88,    34.970,   79.9981,    40.375
 24392.1,16295.93,  -67.04,  -12.23,    34.993,   79.9981,    40.375
 24392.4,16308.84,  -68.50,  -11.83,    35.007,   79.9981,    40.375
 24392.6,16298.37,  -69.16,  -11.72,    35.016,   79.9981,    40.375
 24392.8,16307.30,  -70.98,  -11.08,    34.994,   79.9981,    40.375
 24393.0,16299.57,  -68.47,  -11.46,    34.971,   79.9981,    40.375
 24393.2,16292.72,  -70.36,  -11.79,    34.971,   79.9981,    40.375
 24393.4,16286.36,  -71.00,  -11.72,    34.971,   79.9981,    40.375
 24393.6,16295.67,  -68.04,  -12.07,    34.971,   79.9981,    40.375
 24393.9,16290.28,  -69.25,  -11.94,    34.971,   79.9981,    40.375
 24394.1,16305.10,  -72.00,  -11.81,    34.971,   79.9981,    40.375
 24394.3,16304.59,  -67.60,  -11.62,    34.971,   79.9981,    40.375
 24394.5,16299.83,  -65.59,  -12.18,    35.006,   79.9981,    40.375
 24394.7,16299.60,  -70.31,  -11.65,    35.011,   79.9981,    40.375
 24394.9,16299.41,  -67.06,  -11.82,    35.017,   79.9981,    40.375
 24395.1,16297.07,  -66.37,  -11.90,    35.017,   79.9976,    40.375
 24395.4,16293.03,  -69.26,  -11.60,    35.018,   79.9973,    40.375
 24395.6,16294.39,  -70.65,  -11.91,    35.015,   79.9973,    40.375
 24395.8,16287.08,  -70.48,  -11.58,    34.998,   79.9973,    40.375
 24396.0,16288.74,  -68.01,  -12.13,    34.988,   79.9973,    40.375
 24396.2,16287.31,  -67.47,  -12.16,    34.965,   79.9973,    40.375
 24396.4,16285.71,  -69.31,  -11.48,    34.939,   79.9973,    40.375
 24396.6,16314.94,  -65.75,  -11.55,    34.983,   79.9973,    40.375
 24396.8,16318.83,  -67.55,  -11.86,    35.034,   79.9973,    40.375
 24397.0,16307.29,  -68.13,  -11.51,    35.045,   79.9973,    40.375
 24397.3,16305.87,  -68.65,  -11.62,    35.040,   79.9973,    40.375
 24397.5,16307.62,  -69.62,  -11.80,    35.018,   79.9973,    40.375
 24397.7,16295.75,  -69.97,  -11.35,    34.995,   79.9973,    40.375
 24397.9,16302.41,  -68.77,  -11.61,    34.981,   79.9973,    40.375
 24398.1,16300.84,  -69.00,  -11.90,    34.966,   79.9973,    40.375
 24398.3,16293.87,  -68.25,  -11.67,    34.958,   79.9973,    40.375
 24398.5,16292.01,  -66.36,  -11.28,    34.987,   79.9973,    40.375
 24398.7,16304.30,  -65.53,  -11.77,    34.997,   79.9973,    40.375
 24398.9,16303.57,  -68.69,  -11.98,    34.980,   79.9973,    40.375
 24399.1,16295.73,  -69.41,  -11.55,    34.980,   79.9973,    40.375
 24399.3,16303.84,  -72.46,  -11.14,    34.980,   79.9973,    40.375
 24399.5,16294.25,  -69.23,  -11.54,    34.980,   79.9973,    40.375
 24399.7,16304.81,  -67.93,  -11.99,    34.980,   79.9973,    40.375
 24400.0,16283.63,  -69.65,  -11.64,    34.980,   79.9973,    40.375
 24400.2,16286.69,  -65.82,  -11.71,    34.978,   79.9969,    40.375
 24400.4,16286.59,  -69.02,  -11.98,    34.983,   79.9969,    40.375
 24400.6,16277.98,  -70.52,  -11.68,    34.964,   79.9969,    40.375
 24400.8,16292.56,  -70.06,  -11.32,    34.950,   79.9969,    40.375
 24401.1,16320.44,  -67.48,  -11.83,    35.000,   79.9969,    40.375
 24401.3,16315.49,  -69.11,  -11.67,    35.032,   79.9969,    40.375
