WISPER_raw_data/WISPER_20160930_rawField.ict
40, 1001
David Noone
Oregon State University
Water Vapor Isotopic Analyzer (Picarro L2120i) - H2O concentration, D/H and 18O/16O isotope ratios (delta notation)
ORACLES
1, 1
2016, 09, 30, 2016, 09, 30
0
Start_UTC, seconds
6
1, 1, 1, 1, 1, 1
-9999, -9999, -9999, -9999, -9999, -9999
H2O_ppmv, ppmv
dD_permil, permil
d18O_permil, permil
pressure_cavity, torr
temp_cavity, degrees_celcius
temp_das, degrees_celcius
0
18
PI_CONTACT_INFO: Address: David Noone, CEOAS, Oregon State University, Corvallis OR 97331; email: nooned@oregonstate.edu
PLATFORM: NASA P3B (N426NA), sampling port side foward window from forward facing diffuser inlet
LOCATION: Aircraft location data decribed elsewhere
ASSOCIATED_DATA: see http://espoarchive.nasa.gov/archive/browse/oracles
INSTRUMENT_INFO: Water Vapor Isotopic Analyzer (Picarro L2120-i): cavity-ringdown tunable diode laser spectoscopy.
DATA_INFO: Units are ppmv for H2O and permil relative to SMOW for d18O and dD.
UNCERTAINTY: The absolute accuracy humidity dependent is in the range 1 % for H2O, 1 permil for dD and 0.5 permil for d18O.
ULOD_FLAG: -7777
ULOD_VALUE: N/A
LLOD_FLAG: -8888
LLOD_VALUE: N/A
DM_CONTACT_INFO: David Noone; Oregon State University; nooned@oregonstate.edu
PROJECT_INFO: ORACLES Mission August-October 2016; Southeast Atlantic/Walvis Bay, Namibia
STIPULATIONS_ON_USE: Until made public, only the ORACLES science team is allowed to use this data, per the ORACLES data protocol.
OTHER_COMMENTS: Data is uncalibrated, uncheck and not useful for science at this level
REVISION: RAW
RAW: Raw translation of Picarro output files to ICARTT format
Start_UTC, H2O_ppmv, dD_permil, d18O_permil, pressure_cavity, temp_cavity, temp_das
 36136.3,31122.79,  -37.25,  -16.17,    35.048,   78.3955,    37.812
 36138.4,31009.95,  -17.89,  -17.09,    34.973,   78.4029,    37.812
[from data line 9740]
 53241.6, 4615.02, -273.57,  -37.53,    35.003,   79.9989,    42.000
 53243.3, 4618.40, -251.88,  -38.21,    34.988,   79.9989,    42.000
 53245.1, 4615.41, -277.96,  -37.51,    34.982,   79.9998,    42.000
 53246.8, 4615.47, -271.99,  -37.51,    35.013,   80.0003,    42.000
 53248.6, 4609.49, -277.53,  -36.74,    35.009,   80.0003,    42.000
 53250.2, 4610.60, -274.10,  -37.57,    35.013,   79.9999,    42.000
 53251.8, 4605.74, -272.19,  -38.28,    34.998,   79.9997,    42.000
 53253.4, 4596.96, -276.91,  -36.83,    35.022,   79.9997,    42.000
 53255.1, 4586.77, -266.34,  -37.33,    34.963,   79.9997,    42.000
 53256.7, 4585.90, -276.79,  -37.84,    34.993,   79.9997,    42.000
 53258.3, 4585.36, -269.42,  -38.42,    35.002,   79.9997,    42.000
 53259.9, 4577.37, -262.02,  -37.56,    35.015,   79.9999,    42.000
 53261.6, 4567.20, -282.86,  -37.10,    35.018,   80.0001,    42.000
 53263.3, 4558.57, -268.95,  -37.68,    35.008,   80.0001,    42.000
 53266.3, 4549.14, -265.95,  -38.14,    34.988,   80.0008,    42.000
 53267.9, 4544.36, -267.73,  -37.68,    35.019,   80.0008,    42.000
 53269.5, 4533.77, -269.60,  -36.82,    35.044,   80.0006,    42.000
 53271.1, 4525.87, -267.81,  -37.56,    35.021,   80.0001,    42.000
 53272.8, 4513.81, -277.19,  -37.10,    34.996,   80.0001,    42.000
 53274.5, 4511.69, -265.11,  -38.36,    34.975,   79.9993,    42.000
 53276.2, 4507.69, -255.19,  -37.60,    35.019,   79.9979,    42.000
 53277.9, 4502.25, -276.22,  -37.39,    34.994,   79.9979,    42.000
 53279.5, 4496.62, -269.56,  -37.15,    34.982,   79.9976,    42.000
 53281.3, 4501.55, -260.23,  -36.90,    35.035,   79.9970,    42.000
 53283.0, 4501.31, -276.84,  -36.20,    35.102,   79.9970,    42.000
 53284.7, 4484.89, -269.40,  -37.28,    35.042,   79.9962,    42.000
 53286.4, 4470.15, -271.55,  -37.58,    34.993,   79.9954,    42.000
 53288.1, 4450.29, -262.65,  -35.84,    35.010,   79.9954,    42.000
 53289.8, 4435.69, -269.75,  -37.09,    34.998,   79.9951,    42.000
 53291.6, 4409.70, -275.37,  -37.07,    35.014,   79.9948,    42.000
 53293.2, 4367.44, -256.58,  -36.74,    34.990,   79.9948,    42.000
 53294.8, 4316.39, -263.52,  -36.18,    34.976,   79.9940,    42.000
 53297.9, 4225.99, -265.78,  -37.53,    35.027,   79.9931,    42.000
 53299.5, 4170.28, -271.11,  -36.04,    35.012,   79.9932,    42.000
 53301.2, 4132.64, -256.74,  -36.65,    34.996,   79.9935,    42.000
 53302.8, 4108.58, -261.61,  -37.20,    35.005,   79.9935,    42.000
 53304.3, 4089.63, -280.72,  -37.20,    35.018,   79.9936,    42.029
 53305.9, 4067.86, -267.14,  -36.47,    35.008,   79.9947,    42.014
 53307.6, 4050.65, -266.33,  -36.47,    34.987,   79.9947,    42.021
 53309.2, 4042.51, -256.19,  -37.73,    34.990,   79.9945,    42.000
 53310.8, 4033.10, -274.90,  -37.32,    35.007,   79.9941,    42.000
 53312.5, 4020.35, -259.92,  -36.98,    35.028,   79.9941,    42.022
 53314.1, 4003.78, -263.95,  -36.45,    34.990,   79.9945,    42.000
 53315.8, 3993.78, -262.05,  -37.24,    34.954,   79.9969,    42.000
 53317.4, 3986.98, -269.81,  -37.45,    34.969,   79.9969,    42.000
 53319.0, 3984.15, -268.24,  -37.71,    35.006,   79.9969,    42.000
 53320.6, 3982.18, -264.32,  -37.19,    35.021,   79.9961,    42.000
 53322.3, 3979.41, -277.38,  -36.13,    35.026,   79.9960,    42.000
 53324.0, 3981.34, -269.07,  -36.97,    35.051,   79.9961,    42.000
 53325.6, 3980.06, -265.04,  -37.48,    34.985,   79.9974,    42.000
 53328.5, 3984.99, -265.24,  -36.39,    34.996,   79.9974,    42.000
 53330.1, 3990.14, -277.17,  -36.67,    35.003,   79.9981,    42.000
 53331.7, 3994.16, -276.40,  -37.48,    35.021,   79.9986,    42.000
 53333.3, 3993.18, -270.22,  -36.70,    34.991,   79.9986,    42.000
 53335.0, 3988.67, -273.15,  -36.26,    35.010,   79.9973,    42.000
 53336.7, 3995.56, -260.77,  -36.87,    34.987,   79.9965,    42.019
 53338.4, 4003.16, -275.12,  -37.15,    35.015,   79.9965,    42.000
 53340.1, 4011.67, -259.75,  -37.59,    35.020,   79.9961,    42.017
 53341.7, 4014.42, -285.96,  -36.49,    34.982,   79.9958,    42.000
 53343.4, 4030.34, -271.49,  -37.02,    34.970,   79.9958,    42.038
 53345.0, 4049.98, -256.89,  -37.70,    34.985,   79.9960,    42.002
 53346.6, 4063.38, -267.41,  -36.97,    35.010,   79.9961,    42.020
 53348.3, 4075.11, -259.78,  -37.80,    35.002,   79.9961,    42.000
 53349.9, 4083.08, -258.41,  -37.21,    34.995,   79.9953,    42.000
 53351.6, 4091.60, -269.03,  -36.70,    34.981,   79.9945,    42.000
 53353.3, 4105.24, -251.53,  -36.83,    35.016,   79.9945,    42.000
 53355.0, 4112.21, -275.17,  -36.62,    35.015,   79.9946,    42.000
 53356.8, 4124.11, -254.61,  -37.88,    35.009,   79.9947,    42.000
 53359.8, 4121.43, -263.60,  -36.51,    35.004,   79.9938,    42.005
 53361.4, 4113.98, -258.47,  -36.25,    34.996,   79.9929,    42.017
 53363.0, 4111.86, -262.74,  -37.75,    34.993,   79.9929,    42.000
 53364.6, 4101.95, -267.46,  -37.42,    34.993,   79.9928,    42.000
 53366.2, 4088.52, -261.30,  -37.06,    34.991,   79.9928,    42.000
 53367.9, 4074.56, -269.27,  -36.49,    35.023,   79.9928,    42.000
 53369.7, 4071.62, -264.47,  -36.14,    35.166,   79.9934,    42.000
 53371.3, 4050.25, -261.38,  -38.13,    35.050,   79.9945,    42.000
 53372.9, 4035.96, -262.29,  -35.99,    35.139,   79.9945,    42.021
 53374.5, 4017.34, -275.19,  -35.77,    35.148,   79.9949,    42.000
 53376.1, 3990.92, -264.64,  -37.63,    34.985,   79.9953,    42.021
 53377.7, 3994.03, -268.46,  -37.12,    35.053,   79.9953,    42.000
 53379.4, 4017.25, -264.41,  -36.24,    35.054,   79.9953,    42.000
 53381.0, 4082.20, -267.53,  -36.05,    35.029,   79.9952,    42.000
 53382.6, 4183.86, -255.20,  -36.88,    35.030,   79.9952,    42.019
 53384.3, 4288.98, -261.60,  -35.67,    35.012,   79.9952,    42.000
 53385.9, 4391.36, -252.52,  -34.71,    35.015,   79.9961,    42.000
 53387.6, 4484.29, -251.77,  -34.86,    35.023,   79.9961,    42.000
 53390.6, 4585.59, -261.54,  -33.50,    35.003,   79.9976,    42.000
 53392.2, 4614.78, -247.36,  -33.84,    35.024,   79.9976,    42.000
 53393.9, 4626.62, -242.81,  -34.39,    35.000,   79.9976,    42.019
 53395.6, 4622.66, -251.04,  -33.82,    34.996,   79.9971,    42.000
 53397.3, 4613.11, -254.60,  -32.95,    35.015,   79.9969,    42.000
 53399.0, 4598.40, -245.15,  -33.05,    35.007,   79.9969,    42.000
 53400.6, 4589.03, -231.51,  -33.77,    35.004,   79.9971,    42.022
 53402.2, 4572.13, -230.57,  -33.54,    35.013,   79.9971,    42.000
 53403.9, 4552.71, -238.48,  -33.18,    34.978,   79.9971,    42.000
 53405.7, 4544.00, -231.27,  -32.76,    35.019,   79.9958,    42.000
 53407.3, 4528.65, -250.85,  -32.85,    35.020,   79.9956,    42.000
 53409.0, 4518.06, -230.24,  -32.84,    34.997,   79.9956,    42.000
 53410.6, 4490.91, -231.35,  -32.71,    34.776,   79.9953,    42.000
 53412.3, 4457.48, -238.65,  -35.82,    34.487,   79.9953,    42.000
 53413.9, 4501.02, -249.02,  -32.29,    34.861,   79.9953,    42.032
 53415.6, 4538.70, -239.83,  -33.16,    35.065,   79.9950,    42.007
 53417.2, 4538.47, -234.82,  -32.88,    35.054,   79.9949,    42.000
 53418.9, 4533.90, -232.30,  -32.99,    34.968,   79.9948,    42.000
 53421.9, 4557.83, -247.99,  -33.08,    35.014,   79.9932,    42.000
 53423.5, 4591.72, -241.73,  -33.77,    34.984,   79.9932,    42.000
 53425.2, 4634.88, -238.08,  -32.39,    35.006,   79.9935,    42.002
 53426.8, 4669.13, -237.44,  -32.32,    35.011,   79.9936,    42.024
 53428.4, 4688.06, -230.76,  -33.04,    35.007,   79.9936,    42.017
 53430.1, 4679.98, -241.31,  -32.73,    35.008,   79.9926,    42.017
 53431.9, 4651.07, -235.35,  -32.47,    34.988,   79.9923,    42.005
 53433.5, 4610.54, -242.46,  -32.28,    34.976,   79.9923,    42.000
 53435.2, 4576.05, -236.32,  -33.41,    35.012,   79.9936,    42.006
 53436.8, 4533.76, -244.34,  -33.21,    35.035,   79.9942,    42.037
 53438.4, 4483.45, -243.89,  -32.84,    34.980,   79.9942,    42.000
 53440.1, 4442.91, -237.59,  -33.03,    34.989,   79.9928,    42.016
 53441.8, 4407.99, -243.80,  -33.66,    34.985,   79.9919,    42.020
 53443.5, 4376.08, -235.18,  -33.87,    34.996,   79.9919,    42.018
 53445.2, 4353.32, -231.49,  -34.31,    35.000,   79.9938,    42.026
 53446.9, 4334.67, -245.37,  -34.48,    34.972,   79.9944,    42.045
 53448.6, 4327.31, -236.91,  -34.55,    34.991,   79.9944,    42.000
 53450.2, 4321.55, -238.01,  -34.67,    34.982,   79.9954,    42.000
 53453.1, 4321.91, -248.64,  -35.62,    35.010,   79.9960,    42.020
 53454.8, 4322.78, -241.45,  -34.85,    35.001,   79.9971,    42.019
 53456.5, 4321.03, -255.45,  -34.44,    34.988,   79.9981,    42.036
 53458.2, 4330.42, -257.89,  -35.04,    34.987,   79.9981,    42.023
 53459.8, 4335.30, -262.88,  -34.60,    35.005,   79.9980,    42.060
 53461.6, 4340.74, -253.82,  -35.74,    35.013,   79.9979,    42.046
 53463.3, 4344.13, -253.38,  -35.22,    34.996,   79.9979,    42.027
 53464.9, 4353.73, -243.94,  -35.82,    35.026,   79.9981,    42.005
 53466.5, 4361.33, -261.12,  -36.02,    35.020,   79.9983,    42.000
 53468.0, 4361.86, -262.93,  -36.04,    34.977,   79.9983,    42.000
 53469.7, 4363.96, -263.80,  -34.84,    34.989,   79.9984,    42.033
 53471.4, 4366.39, -262.12,  -35.03,    35.007,   79.9985,    42.000
 53473.1, 4372.49, -259.68,  -36.31,    34.990,   79.9985,    42.032
 53474.7, 4372.74, -252.74,  -36.54,    34.988,   79.9980,    42.047
 53476.4, 4374.11, -253.59,  -35.64,    35.003,   79.9976,    42.039
 53478.1, 4378.56, -247.21,  -36.26,    35.003,   79.9976,    42.041
 53479.8, 4376.20, -265.49,  -35.28,    35.021,   79.9975,    42.042
 53481.4, 4377.92, -260.25,  -35.90,    34.973,   79.9973,    42.025
 53484.5, 4392.45, -255.90,  -36.19,    34.991,   79.9975,    42.000
 53486.1, 4400.35, -251.07,  -36.04,    35.009,   79.9978,    42.000
 53487.7, 4405.36, -254.79,  -35.78,    34.994,   79.9978,    42.008
 53489.4, 4409.35, -264.63,  -35.17,    35.008,   79.9980,    42.030
 53491.1, 4416.06, -255.46,  -36.06,    35.005,   79.9987,    42.000
 53492.8, 4420.91, -241.65,  -35.91,    35.001,   79.9987,    42.000
 53494.6, 4427.28, -254.96,  -35.59,    34.971,   79.9993,    42.000
 53496.4, 4439.48, -260.64,  -35.43,    34.991,   79.9995,    42.000
 53498.1, 4449.96, -250.01,  -36.08,    35.002,   79.9995,    42.000
 53499.7, 4463.00, -267.98,  -35.92,    35.025,   80.0005,    42.027
 53501.3, 4481.26, -242.68,  -36.64,    35.015,   80.0017,    42.062
 53502.9, 4503.75, -264.13,  -36.05,    34.997,   80.0017,    42.062
 53504.4, 4553.26, -252.25,  -36.13,    34.993,   80.0018,    42.062
 53506.0, 4626.41, -246.48,  -35.85,    35.016,   80.0019,    42.032
 53507.7, 4709.26, -254.57,  -34.59,    35.002,   80.0019,    42.037
 53509.4, 4804.12, -250.50,  -35.18,    35.004,   80.0026,    42.005
 53511.0, 4890.80, -249.24,  -35.75,    35.010,   80.0041,    42.037
 53512.7, 4969.06, -254.48,  -34.54,    34.988,   80.0041,    42.044
 53515.7, 5088.19, -238.78,  -32.67,    35.001,   80.0017,    42.012
 53517.3, 5146.48, -240.61,  -32.90,    35.006,   80.0017,    42.062
 53518.9, 5191.37, -249.43,  -32.91,    34.991,   80.0015,    42.062
 53520.6, 5231.27, -236.44,  -32.04,    35.018,   80.0008,    42.045
 53522.3, 5266.39, -227.45,  -31.62,    35.004,   80.0008,    42.042
 53523.9, 5296.32, -240.53,  -32.00,    34.995,   80.0008,    42.022
 53525.5, 5320.69, -237.08,  -32.11,    34.989,   80.0004,    42.024
 53527.2, 5344.30, -219.99,  -31.63,    35.017,   80.0004,    42.043
 53528.9, 5359.94, -229.22,  -30.73,    35.002,   80.0004,    42.044
 53530.6, 5371.16, -227.39,  -30.26,    34.978,   80.0009,    42.062
 53532.2, 5385.05, -228.88,  -30.28,    34.980,   80.0010,    42.041
 53533.8, 5398.39, -221.09,  -30.62,    34.995,   80.0010,    42.062
 53535.4, 5408.11, -228.07,  -30.75,    34.999,   80.0019,    42.062
 53537.0, 5409.95, -222.40,  -30.39,    34.985,   80.0023,    42.062
 53538.6, 5419.58, -221.83,  -29.97,    35.014,   80.0023,    42.062
 53540.3, 5425.32, -224.88,  -29.40,    35.021,   80.0018,    42.043
 53541.9, 5432.87, -220.13,  -29.63,    35.033,   80.0017,    42.047
 53543.6, 5431.98, -207.37,  -29.93,    35.010,   80.0017,    42.038
 53546.6, 5438.88, -221.59,  -29.95,    34.971,   80.0022,    42.062
 53548.3, 5450.46, -217.04,  -29.96,    35.011,   80.0022,    42.062
 53549.9, 5453.04, -214.97,  -30.05,    35.015,   80.0024,    42.025
 53551.6, 5447.20, -209.75,  -29.88,    34.975,   80.0026,    42.061
 53553.4, 5450.26, -203.77,  -29.53,    34.966,   80.0026,    42.062
 53555.1, 5455.47, -197.28,  -29.73,    34.980,   80.0036,    42.062
 53556.7, 5457.14, -221.96,  -29.64,    35.000,   80.0038,    42.062
 53558.3, 5460.23, -206.31,  -29.88,    35.011,   80.0038,    42.062
 53560.0, 5466.40, -210.57,  -29.93,    35.010,   80.0036,    42.062
 53561.7, 5467.57, -204.96,  -30.43,    34.996,   80.0034,    42.062
 53563.4, 5466.76, -211.62,  -29.64,    34.993,   80.0034,    42.062
 53565.1, 5464.87, -204.78,  -29.22,    35.009,   80.0029,    42.062
 53566.8, 5466.55, -216.67,  -29.41,    35.004,   80.0026,    42.062
 53568.4, 5470.20, -207.69,  -30.21,    35.005,   80.0026,    42.062
 53570.0, 5468.02, -202.47,  -29.73,    35.027,   80.0020,    42.062
 53571.7, 5459.99, -214.89,  -29.77,    34.990,   80.0016,    42.062
 53573.4, 5456.03, -215.60,  -29.21,    34.980,   80.0016,    42.062
 53575.1, 5457.57, -205.11,  -29.59,    34.979,   80.0010,    42.062
 53578.1, 5456.04, -209.09,  -29.87,    34.987,   80.0006,    42.062
 53579.7, 5456.17, -203.46,  -29.82,    34.991,   80.0010,    42.062
 53581.4, 5475.71, -206.34,  -28.25,    35.237,   80.0014,    42.062
 53583.0, 5509.57, -211.71,  -27.24,    35.611,   80.0014,    42.062
 53584.7, 5470.13, -216.55,  -27.93,    35.541,   80.0012,    42.062
 53586.3, 5397.14, -210.36,  -28.83,    35.277,   80.0007,    42.062
 53588.0, 5344.93, -204.92,  -29.66,    35.095,   80.0007,    42.062
 53589.7, 5306.85, -201.48,  -29.76,    35.052,   80.0002,    42.062
 53591.3, 5244.06, -206.93,  -28.62,    35.004,   79.9998,    42.062
 53593.0, 5170.21, -205.73,  -29.94,    35.001,   79.9998,    42.083
 53594.6, 5084.28, -207.03,  -30.01,    35.012,   80.0002,    42.062
 53596.3, 5005.99, -196.65,  -30.25,    34.995,   80.0007,    42.062
 53597.9, 4948.79, -202.35,  -29.70,    35.002,   80.0007,    42.062
 53599.7, 4904.79, -213.12,  -30.79,    35.000,   80.0010,    42.062
 53601.3, 4876.28, -202.74,  -30.80,    35.019,   80.0015,    42.062
 53602.9, 4846.60, -206.51,  -30.92,    35.016,   80.0015,    42.062
 53604.5, 4818.09, -203.31,  -30.46,    34.985,   80.0017,    42.062
 53606.2, 4803.25, -215.29,  -30.43,    35.005,   80.0019,    42.062
 53609.2, 4794.14, -206.70,  -31.20,    34.996,   80.0019,    42.062
 53610.7, 4731.54, -199.45,  -33.19,    34.459,   80.0032,    42.062
 53612.4, 4689.54, -194.95,  -34.70,    34.063,   80.0033,    42.062
 53614.0, 4763.22, -216.14,  -30.56,    34.542,   80.0033,    42.062
 53615.7, 4838.51, -214.73,  -29.91,    35.105,   80.0031,    42.062
 53617.3, 4854.66, -214.09,  -30.84,    35.115,   80.0031,    42.062
 53619.0, 4832.24, -215.07,  -30.55,    34.968,   80.0033,    42.062
 53620.7, 4828.36, -218.05,  -30.09,    34.968,   80.0043,    42.062
 53622.3, 4845.43, -225.95,  -30.86,    35.015,   80.0043,    42.062
 53623.9, 4875.87, -213.98,  -31.14,    35.028,   80.0043,    42.062
 53625.6, 4922.71, -190.87,  -31.62,    35.017,   80.0044,    42.062
 53627.3, 4978.83, -210.36,  -31.58,    35.001,   80.0044,    42.062
 53629.0, 5037.22, -209.86,  -31.40,    34.994,   80.0044,    42.062
 53630.6, 5092.01, -197.89,  -31.52,    35.004,   80.0042,    42.062
 53632.2, 5132.39, -218.03,  -30.81,    35.004,   80.0041,    42.062
 53633.9, 5168.73, -214.77,  -30.75,    35.002,   80.0041,    42.062
 53635.5, 5206.24, -214.59,  -31.32,    35.014,   80.0034,    42.062
 53637.2, 5241.32, -208.46,  -31.62,    35.004,   80.0034,    42.062
 53640.2, 5290.48, -216.13,  -30.73,    35.004,   80.0037,    42.062
