WISPER_raw_data/WISPER_20160930_rawField.ict
40, 1001
David Noone
Oregon State University
Water Vapor Isotopic Analyzer (Picarro L2120i) - H2O concentration, D/H and 18O/16O isotope ratios (delta notation)
ORACLES
1, 1
2016, 09, 30, 2016, 09, 30
0
Start_UTC, seconds
6
1, 1, 1, 1, 1, 1
-9999, -9999, -9999, -9999, -9999, -9999
H2O_ppmv, ppmv
dD_permil, permil
d18O_permil, permil
pressure_cavity, torr
temp_cavity, degrees_celcius
temp_das, degrees_celcius
0
18
PI_CONTACT_INFO: Address: David Noone, CEOAS, Oregon State University, Corvallis OR 97331; email: nooned@oregonstate.edu
PLATFORM: NASA P3B (N426NA), sampling port side foward window from forward facing diffuser inlet
LOCATION: Aircraft location data decribed elsewhere
ASSOCIATED_DATA: see http://espoarchive.nasa.gov/archive/browse/oracles
INSTRUMENT_INFO: Water Vapor Isotopic Analyzer (Picarro L2120-i): cavity-ringdown tunable diode laser spectoscopy.
DATA_INFO: Units are ppmv for H2O and permil relative to SMOW for d18O and dD.
UNCERTAINTY: The absolute accuracy humidity dependent is in the range 1 % for H2O, 1 permil for dD and 0.5 permil for d18O.
ULOD_FLAG: -7777
ULOD_VALUE: N/A
LLOD_FLAG: -8888
LLOD_VALUE: N/A
DM_CONTACT_INFO: David Noone; Oregon State University; nooned@oregonstate.edu
PROJECT_INFO: ORACLES Mission August-October 2016; Southeast Atlantic/Walvis Bay, Namibia
STIPULATIONS_ON_USE: Until made public, only the ORACLES science team is allowed to use this data, per the ORACLES data protocol.
OTHER_COMMENTS: Data is uncalibrated, uncheck and not useful for science at this level
REVISION: RAW
RAW: Raw translation of Picarro output files to ICARTT format
Start_UTC, H2O_ppmv, dD_permil, d18O_permil, pressure_cavity, temp_cavity, temp_das
 36136.3,31122.79,  -37.25,  -16.17,    35.048,   78.3955,    37.812
 36138.4,31009.95,  -17.89,  -17.09,    34.973,   78.4029,    37.812
[from data line 4638]
 44248.5,  263.89, -349.07,  -31.76,    35.028,   80.0006,    42.750
 44250.2,  263.79, -209.39,  -40.99,    35.032,   80.0001,    42.729
 44251.9,  265.40, -345.76,  -55.00,    35.001,   79.9998,    42.730
 44253.5,  266.81, -215.56,  -52.67,    34.997,   79.9998,    42.750
 44256.6,  260.36, -352.99,  -39.69,    34.996,   79.9995,    42.750
 44258.3,  260.71, -294.77,  -45.79,    35.014,   79.9995,    42.750
 44260.1,  260.39, -357.33,  -46.15,    35.016,   79.9995,    42.750
 44261.8,  259.43, -444.63,  -46.62,    34.991,   79.9995,    42.750
 44263.5,  257.21, -463.42,  -42.05,    34.991,   79.9995,    42.750
 44265.2,  259.40, -299.40,  -50.80,    34.967,   80.0002,    42.750
 44266.9,  261.60, -288.36,  -55.18,    35.003,   80.0004,    42.750
 44268.6,  260.29, -460.71,  -56.44,    34.996,   80.0004,    42.750
 44270.2,  259.42, -277.82,  -48.97,    35.001,   80.0000,    42.750
 44272.0,  258.90, -386.64,  -45.67,    35.017,   79.9998,    42.750
 44273.7,  257.30, -172.20,  -42.92,    34.991,   79.9998,    42.750
 44275.4,  255.38, -284.56,  -33.47,    35.009,   79.9995,    42.748
 44277.1,  258.87, -506.75,  -51.54,    34.994,   79.9995,    42.730
 44278.7,  259.51, -604.52,  -51.26,    35.017,   79.9995,    42.750
 44280.3,  262.41, -363.25,  -53.65,    35.013,   79.9995,    42.750
 44281.9,  260.11, -448.76,  -50.14,    34.979,   79.9995,    42.750
 44283.6,  255.46, -338.90,  -32.89,    34.998,   79.9995,    42.750
 44285.3,  260.06, -485.70,  -52.25,    35.017,   79.9998,    42.750
 44288.3,  259.03, -376.20,  -47.99,    35.004,   80.0000,    42.750
 44289.9,  261.20, -439.43,  -55.61,    35.020,   80.0008,    42.730
 44291.6,  259.68, -531.86,  -46.43,    35.002,   80.0012,    42.750
 44293.2,  259.24, -356.07,  -44.26,    35.028,   80.0012,    42.750
 44294.9,  260.71, -184.24,  -47.56,    34.989,   80.0002,    42.750
 44296.6,  258.52, -411.75,  -43.92,    34.979,   79.9996,    42.734
 44298.4,  261.54, -237.70,  -47.08,    34.992,   79.9996,    42.750
 44300.2,  270.09, -284.67,  -50.88,    35.004,   79.9995,    42.750
 44302.0,  288.23, -251.01,  -51.87,    34.985,   79.9995,    42.750
 44303.7,  314.70, -488.96,  -51.39,    34.999,   79.9995,    42.750
 44305.3,  342.53, -337.08,  -58.17,    34.985,   79.9988,    42.750
 44306.9,  365.36, -406.46,  -53.11,    34.988,   79.9984,    42.750
 44308.5,  385.28, -262.53,  -56.05,    34.977,   79.9984,    42.750
 44310.2,  393.02, -229.14,  -46.21,    35.014,   79.9964,    42.750
 44311.8,  392.20, -367.49,  -42.04,    35.020,   79.9955,    42.750
 44313.6,  392.71, -227.77,  -48.67,    35.008,   79.9955,    42.750
 44315.2,  388.24, -415.07,  -50.89,    35.012,   79.9957,    42.750
 44316.9,  385.01, -277.12,  -61.70,    35.004,   79.9958,    42.750
 44320.0,  362.78, -317.12,  -42.93,    34.996,   79.9949,    42.750
 44321.7,  354.87, -387.78,  -45.08,    35.009,   79.9944,    42.750
 44323.2,  348.71, -486.77,  -52.45,    34.998,   79.9944,    42.750
 44324.9,  340.11, -312.75,  -53.37,    35.006,   79.9937,    42.750
 44326.6,  334.30, -179.56,  -50.21,    35.002,   79.9930,    42.750
 44328.2,  326.64,  -96.65,  -47.13,    34.987,   79.9930,    42.750
 44329.8,  318.53, -377.16,  -42.13,    35.022,   79.9934,    42.750
 44331.6,  317.76, -318.22,  -48.68,    34.991,   79.9936,    42.753
 44333.3,  314.07, -550.42,  -47.93,    34.972,   79.9936,    42.788
 44335.0,  307.12, -516.96,  -38.57,    34.977,   79.9942,    42.750
 44336.7,  307.33, -348.37,  -46.55,    34.994,   79.9947,    42.750
 44338.4,  307.07, -105.78,  -56.03,    35.032,   79.9947,    42.750
 44340.0,  305.48, -271.31,  -50.40,    34.997,   79.9942,    42.750
 44341.7,  296.99, -552.90,  -35.93,    35.007,   79.9939,    42.750
 44343.4,  298.33, -318.33,  -48.24,    35.007,   79.9939,    42.750
 44345.1,  299.61, -286.73,  -56.08,    35.004,   79.9944,    42.750
 44346.7,  295.78, -504.13,  -43.91,    34.981,   79.9946,    42.750
 44348.4,  295.87, -226.88,  -43.49,    34.988,   79.9946,    42.750
 44351.3,  296.47, -219.01,  -55.24,    34.976,   79.9958,    42.750
 44352.9,  294.43, -483.77,  -48.85,    35.018,   79.9958,    42.750
 44354.6,  295.17, -187.70,  -48.49,    34.993,   79.9958,    42.750
 44356.4,  292.68, -314.99,  -37.65,    35.007,   79.9958,    42.750
 44358.2,  292.25, -267.57,  -35.49,    35.015,   79.9958,    42.750
 44359.8,  293.98, -217.07,  -47.67,    35.015,   79.9964,    42.750
 44361.5,  294.45, -276.77,  -52.06,    35.014,   79.9975,    42.750
 44363.1,  295.46, -258.05,  -57.04,    34.976,   79.9975,    42.750
 44364.7,  293.58, -190.11,  -50.00,    35.010,   79.9974,    42.750
 44366.4,  287.04, -315.93,  -34.30,    35.007,   79.9972,    42.750
 44368.1,  292.84, -286.36,  -50.86,    35.000,   79.9972,    42.750
 44369.7,  294.96, -280.92,  -54.56,    35.044,   79.9970,    42.750
 44371.4,  295.83, -157.18,  -60.99,    34.998,   79.9969,    42.750
 44373.0,  290.84, -457.08,  -45.69,    34.987,   79.9969,    42.750
 44374.7,  294.43, -272.77,  -52.26,    34.981,   79.9968,    42.750
 44376.3,  289.30, -380.57,  -43.68,    34.979,   79.9968,    42.750
 44378.0,  292.44, -284.11,  -50.56,    35.000,   79.9968,    42.750
 44379.7,  289.67, -507.98,  -45.40,    35.019,   79.9971,    42.750
 44382.8,  289.36, -333.09,  -42.74,    34.999,   79.9974,    42.750
 44384.5,  290.92, -344.76,  -42.86,    34.998,   79.9971,    42.750
 44386.2,  290.46, -418.81,  -46.65,    35.015,   79.9961,    42.750
 44388.0,  293.95, -277.02,  -54.92,    34.987,   79.9961,    42.750
 44389.6,  294.47, -421.50,  -52.22,    35.014,   79.9961,    42.750
 44391.2,  294.20, -333.22,  -45.27,    34.995,   79.9962,    42.750
 44392.9,  292.82, -357.89,  -40.09,    34.988,   79.9962,    42.750
 44394.7,  296.30,  -94.16,  -44.80,    35.009,   79.9961,    42.750
 44396.4,  293.44, -222.63,  -44.97,    35.015,   79.9961,    42.750
 44398.1,  294.80, -224.39,  -43.05,    34.995,   79.9961,    42.750
 44399.7,  297.14, -294.28,  -56.08,    35.003,   79.9960,    42.750
 44401.4,  297.25, -341.76,  -54.13,    35.015,   79.9958,    42.750
 44403.0,  299.07, -130.67,  -59.14,    34.993,   79.9958,    42.750
 44404.7,  296.38, -167.48,  -55.47,    34.994,   79.9960,    42.750
 44406.4,  295.52, -260.23,  -48.53,    34.981,   79.9964,    42.750
 44408.2,  294.42, -201.06,  -50.60,    35.016,   79.9964,    42.750
 44409.9,  291.62, -264.69,  -38.98,    34.983,   79.9961,    42.755
 44411.6,  295.45, -103.65,  -49.73,    34.990,   79.9960,    42.767
 44414.6,  296.12, -403.91,  -49.48,    35.007,   79.9967,    42.788
 44416.3,  296.88,  -84.87,  -49.28,    34.991,   79.9978,    42.776
 44418.0,  298.93, -365.53,  -48.95,    34.989,   79.9978,    42.794
 44419.7,  296.44, -440.22,  -41.12,    35.005,   79.9974,    42.756
 44421.4,  299.72, -324.96,  -43.65,    34.994,   79.9967,    42.754
 44423.2,  306.86, -291.52,  -53.45,    34.986,   79.9967,    42.768
 44424.8,  309.57, -483.14,  -51.73,    34.989,   79.9970,    42.750
 44426.4,  316.90, -173.87,  -58.31,    35.011,   79.9974,    42.783
 44428.1,  318.13, -369.78,  -49.80,    35.020,   79.9974,    42.760
 44429.8,  321.67, -192.82,  -46.32,    34.986,   79.9979,    42.771
 44431.5,  327.96, -273.16,  -51.64,    35.017,   79.9979,    42.750
 44433.0,  332.36, -250.53,  -51.58,    35.008,   79.9979,    42.750
 44434.6,  337.50, -373.56,  -52.86,    35.002,   79.9984,    42.767
 44436.3,  342.56, -334.00,  -43.58,    34.992,   79.9993,    42.750
 44438.0,  347.09, -303.77,  -48.71,    35.015,   79.9993,    42.750
 44439.6,  352.20, -306.15,  -46.32,    34.999,   79.9998,    42.750
 44441.3,  359.98, -427.01,  -57.27,    35.022,   80.0006,    42.750
 44443.0,  363.28, -407.84,  -51.30,    35.003,   80.0006,    42.750
 44446.0,  370.14, -218.64,  -46.20,    34.996,   80.0003,    42.750
 44447.7,  375.49, -458.49,  -50.69,    34.969,   80.0003,    42.750
 44449.5,  381.35, -209.94,  -56.53,    35.003,   80.0001,    42.750
 44451.2,  380.59, -443.09,  -51.53,    35.018,   79.9997,    42.750
 44452.9,  383.98, -274.58,  -53.32,    35.004,   79.9997,    42.750
 44454.6,  381.93, -436.87,  -45.00,    34.984,   79.9990,    42.750
 44456.3,  385.13, -286.20,  -49.25,    35.012,   79.9984,    42.750
 44458.0,  390.74, -189.72,  -58.15,    34.983,   79.9984,    42.750
 44459.7,  388.19, -427.09,  -49.77,    35.014,   79.9985,    42.750
 44461.4,  391.59, -268.16,  -50.36,    34.998,   79.9987,    42.750
 44463.1,  387.43, -353.05,  -41.11,    34.985,   79.9987,    42.750
 44464.8,  389.78, -248.99,  -46.72,    34.983,   79.9989,    42.750
 44466.5,  392.59, -395.23,  -57.20,    35.002,   79.9990,    42.750
 44468.1,  391.55, -201.28,  -56.56,    34.999,   79.9990,    42.750
 44469.9,  389.81, -316.01,  -55.89,    34.998,   79.9988,    42.750
 44471.5,  383.81, -236.71,  -45.16,    35.014,   79.9986,    42.750
 44473.2,  379.29, -397.77,  -47.35,    35.003,   79.9986,    42.750
 44474.8,  381.87, -405.78,  -60.16,    34.992,   79.9990,    42.750
 44477.8,  370.29, -379.34,  -39.54,    35.023,   79.9993,    42.750
 44479.5,  368.51, -316.32,  -46.68,    35.010,   79.9996,    42.750
 44481.1,  370.63, -307.56,  -60.05,    34.992,   80.0003,    42.750
 44482.9,  363.16, -370.39,  -48.05,    35.008,   80.0003,    42.750
 44484.6,  355.63, -426.79,  -37.37,    35.029,   80.0000,    42.750
 44486.3,  358.78, -407.03,  -53.12,    34.971,   79.9994,    42.750
 44488.0,  355.03, -256.88,  -53.88,    34.994,   79.9994,    42.771
 44489.5,  354.48, -264.82,  -55.15,    35.001,   79.9998,    42.750
 44491.2,  343.91, -432.11,  -35.73,    34.997,   80.0005,    42.750
 44492.9,  350.24, -334.05,  -58.09,    35.005,   80.0005,    42.750
 44494.5,  349.86, -237.39,  -54.64,    35.011,   80.0005,    42.750
 44496.1,  344.87, -328.36,  -37.27,    35.015,   80.0005,    42.750
 44497.8,  348.96, -361.67,  -47.65,    35.015,   80.0005,    42.750
 44499.4,  354.49, -533.42,  -56.66,    34.973,   80.0003,    42.750
 44501.0,  362.48,  -81.18,  -55.05,    34.997,   79.9998,    42.750
 44502.8,  366.23, -475.92,  -40.69,    35.015,   79.9998,    42.750
 44504.6,  379.95, -403.37,  -44.80,    35.007,   79.9997,    42.750
 44506.3,  394.11, -427.29,  -44.21,    34.983,   79.9994,    42.750
 44509.4,  434.79, -407.41,  -49.66,    34.989,   79.9993,    42.750
 44511.1,  464.29, -367.47,  -46.06,    34.985,   79.9991,    42.750
 44513.0,  497.61, -289.64,  -46.69,    34.987,   79.9991,    42.750
 44514.6,  526.70, -343.53,  -48.88,    35.009,   79.9985,    42.750
 44516.3,  546.34, -479.11,  -45.22,    35.018,   79.9969,    42.771
 44518.0,  567.71, -359.95,  -51.00,    34.981,   79.9969,    42.750
 44519.7,  576.70, -360.30,  -49.99,    34.967,   79.9962,    42.750
 44521.5,  577.85, -377.53,  -46.13,    35.003,   79.9956,    42.750
 44523.2,  578.33, -340.77,  -45.76,    35.018,   79.9956,    42.750
 44524.9,  573.31, -424.17,  -46.58,    35.025,   79.9955,    42.750
 44526.5,  569.98, -322.03,  -50.25,    35.003,   79.9954,    42.750
 44528.2,  565.20, -351.34,  -50.52,    34.995,   79.9954,    42.750
 44529.8,  557.53, -363.76,  -43.83,    35.000,   79.9960,    42.750
 44531.5,  561.13, -297.92,  -54.11,    35.013,   79.9964,    42.750
 44533.1,  559.99, -392.72,  -49.75,    34.999,   79.9964,    42.750
 44534.8,  561.66, -351.20,  -42.91,    35.002,   79.9958,    42.750
 44536.5,  572.73, -332.73,  -45.67,    34.996,   79.9950,    42.750
 44538.2,  588.14, -352.73,  -47.52,    35.022,   79.9950,    42.750
 44541.2,  612.13, -403.70,  -39.91,    35.000,   79.9945,    42.750
 44542.9,  631.47, -315.72,  -49.94,    34.995,   79.9945,    42.750
 44544.5,  637.53, -261.14,  -50.29,    34.981,   79.9957,    42.750
 44546.2,  632.68, -362.87,  -46.90,    34.986,   79.9970,    42.750
 44547.9,  616.40, -247.05,  -41.57,    34.978,   79.9970,    42.750
 44549.5,  606.48, -263.85,  -47.92,    35.008,   79.9972,    42.750
 44551.1,  595.36, -443.31,  -46.43,    34.981,   79.9976,    42.766
 44552.7,  592.27, -229.62,  -45.68,    35.005,   79.9976,    42.756
 44554.4,  587.42, -374.08,  -36.60,    34.991,   79.9979,    42.750
 44556.1,  599.04, -366.34,  -45.53,    35.003,   79.9985,    42.771
 44557.7,  603.44, -413.89,  -45.81,    35.012,   79.9985,    42.750
 44559.4,  610.05, -393.65,  -46.59,    35.018,   79.9986,    42.764
 44561.1,  615.05, -322.41,  -42.61,    35.007,   79.9990,    42.758
 44562.9,  625.18, -281.82,  -42.11,    35.003,   79.9990,    42.809
 44564.5,  639.17, -386.10,  -41.77,    34.996,   79.9989,    42.768
 44566.2,  661.76, -375.02,  -45.19,    34.998,   79.9987,    42.759
 44567.8,  673.11, -413.01,  -42.69,    35.006,   79.9987,    42.801
 44569.5,  684.44, -342.36,  -43.31,    35.000,   79.9993,    42.787
 44572.6,  675.80, -293.16,  -42.83,    35.008,   80.0008,    42.812
 44574.3,  658.17, -324.93,  -41.69,    35.010,   80.0008,    42.812
 44576.0,  633.80, -388.65,  -40.65,    34.989,   80.0006,    42.791
 44577.6,  611.16, -328.18,  -43.15,    34.979,   80.0006,    42.792
 44579.4,  585.78, -263.44,  -44.13,    34.988,   80.0006,    42.762
 44581.2,  558.97, -357.26,  -38.79,    34.985,   80.0007,    42.806
 44582.9,  532.88, -298.04,  -39.03,    35.006,   80.0007,    42.795
 44584.6,  511.61, -264.46,  -40.43,    35.021,   80.0005,    42.812
 44586.2,  494.70, -330.67,  -43.95,    35.003,   80.0004,    42.812
 44587.9,  476.12, -318.53,  -43.08,    34.985,   80.0004,    42.791
 44589.5,  457.83, -325.66,  -39.46,    35.002,   80.0003,    42.812
 44591.2,  440.22, -339.43,  -39.08,    34.989,   80.0001,    42.812
 44592.8,  423.22, -330.54,  -34.88,    35.006,   80.0001,    42.812
 44594.5,  412.06, -164.79,  -38.33,    34.984,   79.9998,    42.812
 44596.2,  401.28, -291.07,  -41.08,    35.016,   79.9986,    42.797
 44597.8,  391.99, -424.83,  -44.14,    35.014,   79.9986,    42.812
 44599.3,  383.89, -129.72,  -46.61,    35.005,   79.9986,    42.812
 44600.9,  371.91, -409.72,  -40.30,    34.979,   79.9987,    42.812
 44604.0,  356.24, -289.01,  -40.41,    35.004,   79.9987,    42.762
 44605.7,  350.06, -342.67,  -41.25,    34.991,   79.9986,    42.789
 44607.3,  345.84, -258.81,  -46.61,    35.014,   79.9985,    42.773
 44609.0,  338.56, -176.06,  -41.68,    35.008,   79.9986,    42.792
 44610.8,  331.52, -414.19,  -39.85,    34.998,   79.9994,    42.797
 44612.5,  324.97, -281.76,  -40.02,    34.983,   79.9994,    42.812
 44614.2,  323.51, -248.80,  -42.22,    35.001,   79.9994,    42.812
 44615.9,  317.73, -493.62,  -34.48,    34.992,   79.9996,    42.812
 44617.7,  314.74, -252.96,  -37.78,    35.005,   79.9996,    42.812
 44619.3,  315.13, -362.08,  -44.42,    35.025,   79.9998,    42.812
 44621.0,  313.37, -463.34,  -40.46,    35.000,   80.0003,    42.812
 44622.7,  311.80, -139.74,  -36.39,    34.988,   80.0003,    42.812
 44624.4,  309.59, -336.00,  -32.00,    34.994,   80.0003,    42.812
 44626.1,  310.04, -397.94,  -35.18,    35.005,   80.0004,    42.812
 44627.8,  312.28, -444.13,  -38.98,    35.017,   80.0004,    42.812
 44629.5,  318.61, -287.83,  -50.93,    34.998,   80.0005,    42.812
 44631.3,  317.62, -227.47,  -44.52,    34.989,   80.0007,    42.812
 44633.0,  312.97, -332.35,  -32.76,    35.006,   80.0007,    42.812
 44636.0,  320.78,  -77.22,  -40.81,    35.003,   80.0017,    42.812
 44637.7,  320.45, -185.05,  -33.40,    35.006,   80.0017,    42.812
 44639.4,  326.85, -343.75,  -47.40,    35.005,   80.0015,    42.812
 44641.1,  330.73, -257.25,  -47.65,    35.000,   80.0007,    42.812
 44642.7,  337.69, -238.72,  -35.29,    35.003,   80.0007,    42.812
 44644.4,  349.42, -378.97,  -34.67,    35.009,   80.0007,    42.812
 44646.1,  379.46, -170.72,  -48.23,    35.015,   80.0008,    42.812
 44647.8,  416.97, -334.05,  -42.99,    35.006,   80.0008,    42.812
 44649.5,  473.19, -213.06,  -44.12,    35.005,   80.0014,    42.812
 44651.3,  535.62, -399.77,  -36.66,    34.978,   80.0023,    42.812
 44653.0,  615.22, -241.22,  -44.01,    35.001,   80.0023,    42.812
