WISPER_raw_data/WISPER_20160918_rawField.ict
40, 1001
David Noone
Oregon State University
Water Vapor Isotopic Analyzer (Picarro L2120i) - H2O concentration, D/H and 18O/16O isotope ratios (delta notation)
ORACLES
1, 1
2016, 09, 18, 2016, 09, 18
0
Start_UTC, seconds
6
1, 1, 1, 1, 1, 1
-9999, -9999, -9999, -9999, -9999, -9999
H2O_ppmv, ppmv
dD_permil, permil
d18O_permil, permil
pressure_cavity, torr
temp_cavity, degrees_celcius
temp_das, degrees_celcius
0
18
PI_CONTACT_INFO: Address: David Noone, CEOAS, Oregon State University, Corvallis OR 97331; email: nooned@oregonstate.edu
PLATFORM: NASA P3B (N426NA), sampling port side foward window from forward facing diffuser inlet
LOCATION: Aircraft location data decribed elsewhere
ASSOCIATED_DATA: see http://espoarchive.nasa.gov/archive/browse/oracles
INSTRUMENT_INFO: Water Vapor Isotopic Analyzer (Picarro L2120-i): cavity-ringdown tunable diode laser spectoscopy.
DATA_INFO: Units are ppmv for H2O and permil relative to SMOW for d18O and dD.
UNCERTAINTY: The absolute accuracy humidity dependent is in the range 1 % for H2O, 1 permil for dD and 0.5 permil for d18O.
ULOD_FLAG: -7777
ULOD_VALUE: N/A
LLOD_FLAG: -8888
LLOD_VALUE: N/A
DM_CONTACT_INFO: David Noone; Oregon State University; nooned@oregonstate.edu
PROJECT_INFO: ORACLES Mission August-October 2016; Southeast Atlantic/Walvis Bay, Namibia
STIPULATIONS_ON_USE: Until made public, only the ORACLES science team is allowed to use this data, per the ORACLES data protocol.
OTHER_COMMENTS: Data is uncalibrated, uncheck and not useful for science at this level
REVISION: RAW
RAW: Raw translation of Picarro output files to ICARTT format
Start_UTC, H2O_ppmv, dD_permil, d18O_permil, pressure_cavity, temp_cavity, temp_das
 23363.7,10858.41, -122.26,   20.12,    35.004,   78.4790,    43.062
 23365.7,10890.07,  -13.09,   -3.81,    35.025,   78.5331,    43.062
[from data line 11827]
 44335.1, 7028.04,  -94.80,  -16.19,    35.030,   79.9985,    48.812
 44336.9, 7048.73,  -94.97,  -16.86,    35.021,   79.9982,    48.812
 44338.6, 7065.87,  -97.77,  -16.45,    35.007,   79.9982,    48.812
 44340.4, 7085.48,  -95.07,  -16.94,    35.039,   79.9975,    48.812
 44342.2, 7086.01,  -97.40,  -17.10,    35.006,   79.9975,    48.812
 44343.8, 7077.40,  -97.56,  -16.04,    34.965,   79.9975,    48.812
 44345.5, 7080.05,  -99.78,  -17.49,    34.948,   79.9973,    48.812
 44347.2, 7090.78,  -93.84,  -16.76,    35.019,   79.9972,    48.812
 44348.9, 7084.35,  -95.09,  -17.03,    35.005,   79.9972,    48.812
 44350.6, 7078.12,  -98.85,  -16.50,    35.039,   79.9959,    48.812
 44352.3, 7062.28,  -99.91,  -17.15,    34.989,   79.9957,    48.812
 44354.0, 7058.44,  -99.09,  -17.27,    34.998,   79.9959,    48.812
 44355.7, 7048.36,  -92.95,  -16.77,    35.012,   79.9973,    48.812
 44357.4, 7030.80,  -92.13,  -16.80,    34.987,   79.9973,    48.812
 44359.1, 7018.36,  -97.94,  -17.43,    34.942,   79.9971,    48.812
 44362.1, 7020.14,  -91.02,  -15.79,    35.071,   79.9965,    48.812
 44363.8, 7015.22,  -89.92,  -17.10,    35.066,   79.9965,    48.812
 44365.4, 7014.65,  -96.77,  -16.79,    35.004,   79.9962,    48.812
 44367.1, 7033.59,  -94.28,  -16.99,    34.988,   79.9962,    48.812
 44368.8, 7059.80,  -92.31,  -17.59,    34.957,   79.9962,    48.812
 44370.4, 7094.43,  -89.85,  -16.55,    34.993,   79.9977,    48.812
 44372.1, 7129.18,  -93.66,  -16.23,    35.030,   79.9983,    48.812
 44373.8, 7161.01,  -95.40,  -17.36,    34.989,   79.9983,    48.812
 44375.5, 7181.06,  -99.25,  -16.74,    34.986,   79.9964,    48.812
 44377.2, 7197.50,  -98.15,  -16.13,    35.041,   79.9963,    48.812
 44379.0, 7194.09,  -92.82,  -16.85,    35.012,   79.9963,    48.812
 44380.8, 7173.07,  -97.93,  -16.96,    34.983,   79.9967,    48.812
 44382.5, 7150.81,  -92.56,  -16.90,    34.978,   79.9967,    48.812
 44384.1, 7141.40,  -97.67,  -17.24,    34.996,   79.9969,    48.812
 44385.8, 7117.70,  -93.77,  -17.03,    34.989,   79.9979,    48.812
 44387.5, 7097.13,  -87.86,  -16.48,    34.984,   79.9979,    48.812
 44389.2, 7086.17,  -97.23,  -17.62,    34.963,   79.9983,    48.812
 44390.8, 7080.65, -101.36,  -17.05,    34.995,   79.9994,    48.812
 44393.9, 7092.02,  -98.66,  -16.82,    35.042,   79.9994,    48.812
 44395.7, 7093.53,  -99.83,  -16.88,    35.013,   79.9993,    48.812
 44397.4, 7097.29,  -99.44,  -17.19,    34.991,   79.9993,    48.812
 44399.2, 7106.42,  -96.23,  -17.11,    34.975,   79.9993,    48.812
 44400.9, 7124.99,  -98.96,  -17.28,    35.005,   79.9999,    48.812
 44402.6, 7134.33,  -92.31,  -16.73,    35.002,   79.9999,    48.761
 44404.2, 7128.91,  -96.29,  -16.61,    34.937,   80.0001,    48.750
 44405.8, 7140.44, -100.33,  -17.44,    34.980,   80.0006,    48.787
 44407.5, 7144.62, -107.19,  -16.78,    35.063,   80.0006,    48.771
 44409.2, 7128.12,  -91.22,  -16.34,    35.031,   80.0004,    48.777
 44411.0, 7115.66,  -93.39,  -16.94,    34.998,   79.9994,    48.794
 44412.7, 7104.61,  -99.64,  -17.21,    34.985,   79.9994,    48.766
 44414.4, 7088.91,  -95.14,  -17.02,    34.959,   79.9991,    48.792
 44416.1, 7094.68, -103.25,  -16.77,    35.016,   79.9986,    48.812
 44417.9, 7094.06,  -96.21,  -17.41,    35.033,   79.9986,    48.812
 44419.5, 7072.16,  -90.20,  -16.76,    34.972,   79.9977,    48.796
 44421.2, 7064.47,  -98.43,  -16.48,    34.976,   79.9968,    48.812
 44422.9, 7066.64,  -92.93,  -16.99,    35.021,   79.9968,    48.812
 44426.0, 7036.68, -103.61,  -16.97,    34.984,   79.9963,    48.812
 44427.8, 7033.38,  -91.78,  -17.54,    34.965,   79.9963,    48.812
 44429.6, 7019.66,  -92.59,  -16.77,    34.917,   79.9961,    48.812
 44431.3, 7034.85, -102.58,  -16.51,    35.016,   79.9957,    48.812
 44433.0, 7030.50,  -95.84,  -16.91,    35.045,   79.9957,    48.829
 44434.5, 7014.89, -111.29,  -17.71,    34.989,   79.9960,    48.812
 44436.2, 7009.35,  -91.85,  -16.61,    34.992,   79.9965,    48.812
 44437.9, 7011.22, -107.24,  -16.60,    35.026,   79.9965,    48.812
 44439.7, 7033.10,  -93.54,  -17.33,    35.024,   79.9965,    48.812
 44441.5, 7058.30,  -94.19,  -16.64,    35.003,   79.9965,    48.812
 44443.3, 7089.96,  -96.57,  -17.42,    34.990,   79.9965,    48.812
 44445.0, 7107.09,  -99.21,  -16.23,    34.999,   79.9971,    48.812
 44446.7, 7127.48,  -93.19,  -16.13,    35.001,   79.9976,    48.812
 44448.3, 7133.37, -100.14,  -17.00,    34.974,   79.9976,    48.812
 44450.0, 7118.67,  -89.00,  -17.44,    34.948,   79.9978,    48.812
 44451.7, 7092.81,  -94.18,  -16.62,    34.996,   79.9980,    48.812
 44453.4, 7067.99,  -97.63,  -16.58,    35.073,   79.9980,    48.790
 44455.0, 7021.23,  -93.17,  -16.54,    35.057,   79.9983,    48.775
 44458.1, 6961.07,  -94.26,  -17.43,    34.982,   79.9987,    48.772
 44459.9, 6943.08,  -97.35,  -16.56,    34.982,   79.9996,    48.765
 44461.7, 6944.83,  -96.46,  -17.08,    35.005,   80.0005,    48.789
 44463.4, 6938.90, -101.56,  -17.28,    35.008,   80.0005,    48.812
 44465.1, 6935.54,  -95.96,  -17.35,    34.968,   79.9999,    48.801
 44466.7, 6934.33,  -92.93,  -16.60,    34.979,   79.9997,    48.770
 44468.3, 6939.04,  -96.11,  -16.43,    34.999,   79.9997,    48.770
 44470.0, 6938.19, -103.51,  -17.44,    35.023,   79.9991,    48.759
 44471.6, 6916.40,  -89.08,  -17.03,    34.958,   79.9984,    48.771
 44473.2, 6920.21,  -97.61,  -16.56,    35.025,   79.9984,    48.750
 44474.9, 6917.01,  -98.37,  -16.64,    35.053,   79.9983,    48.750
 44476.6, 6900.18,  -98.31,  -17.00,    35.007,   79.9979,    48.773
 44478.3, 6891.11,  -94.41,  -17.52,    34.994,   79.9979,    48.781
 44480.0, 6876.37,  -96.61,  -17.27,    34.985,   79.9981,    48.750
 44481.8, 6882.22, -101.22,  -17.08,    34.974,   79.9986,    48.768
 44483.5, 6894.04,  -92.69,  -17.25,    35.034,   79.9986,    48.783
 44485.1, 6892.36,  -90.97,  -18.29,    34.956,   79.9964,    48.791
 44486.7, 6888.46,  -99.16,  -16.12,    34.964,   79.9958,    48.764
 44489.7, 6899.05,  -98.64,  -17.04,    35.010,   79.9949,    48.765
 44491.3, 6896.96, -102.50,  -17.57,    34.990,   79.9936,    48.750
 44493.1, 6890.15,  -97.85,  -17.26,    34.994,   79.9936,    48.787
 44494.8, 6885.18,  -88.60,  -16.93,    35.035,   79.9937,    48.750
 44496.6, 6868.86, -100.13,  -16.68,    35.012,   79.9937,    48.766
 44498.3, 6851.64,  -94.33,  -17.52,    34.976,   79.9937,    48.774
 44499.9, 6832.14,  -96.92,  -17.45,    34.962,   79.9934,    48.750
 44501.5, 6801.93,  -94.28,  -16.70,    34.983,   79.9932,    48.754
 44503.3, 6790.05,  -95.55,  -17.19,    35.018,   79.9932,    48.768
 44505.0, 6759.95, -101.90,  -17.05,    35.028,   79.9940,    48.767
 44506.7, 6709.61, -104.21,  -17.43,    34.951,   79.9945,    48.750
 44508.4, 6676.39,  -92.92,  -17.05,    35.029,   79.9945,    48.750
 44510.2, 6616.88, -103.50,  -16.61,    35.004,   79.9945,    48.750
 44511.9, 6572.32,  -91.65,  -17.25,    35.019,   79.9945,    48.750
 44513.7, 6524.28,  -98.46,  -17.51,    34.990,   79.9945,    48.767
 44515.4, 6499.87,  -93.80,  -17.67,    34.997,   79.9960,    48.766
 44517.2, 6475.87, -101.27,  -16.78,    34.998,   79.9960,    48.781
 44518.9, 6467.92, -107.18,  -17.11,    35.003,   79.9960,    48.774
 44522.0, 6449.42, -100.02,  -17.02,    35.009,   79.9967,    48.750
 44523.7, 6447.13,  -97.83,  -17.05,    35.048,   79.9967,    48.750
 44525.5, 6438.77,  -98.36,  -17.47,    35.004,   79.9977,    48.750
 44527.2, 6421.76,  -90.07,  -18.16,    34.983,   79.9978,    48.750
 44528.9, 6418.96,  -94.88,  -17.18,    35.027,   79.9978,    48.750
 44530.6, 6405.46, -106.96,  -16.90,    35.036,   79.9956,    48.750
 44532.4, 6389.09, -103.77,  -17.56,    34.978,   79.9954,    48.765
 44534.2, 6382.68,  -97.44,  -17.68,    35.000,   79.9957,    48.750
 44535.9, 6365.06,  -95.23,  -17.81,    34.984,   79.9958,    48.750
 44537.7, 6349.19,  -97.08,  -17.21,    35.004,   79.9958,    48.750
 44539.4, 6329.93,  -96.12,  -18.02,    34.995,   79.9957,    48.750
 44541.0, 6295.26, -104.21,  -17.25,    34.956,   79.9956,    48.750
 44542.6, 6261.33,  -89.64,  -16.95,    34.972,   79.9956,    48.750
 44544.3, 6234.40,  -99.83,  -17.45,    35.070,   79.9953,    48.750
 44546.0, 6189.33,  -92.77,  -17.69,    35.019,   79.9933,    48.750
 44547.8, 6141.60,  -93.96,  -17.13,    35.017,   79.9933,    48.750
 44549.5, 6110.60,  -99.55,  -17.80,    34.977,   79.9924,    48.750
 44551.3, 6087.17,  -99.26,  -17.25,    35.006,   79.9912,    48.750
 44554.4, 6048.96, -101.75,  -18.05,    34.975,   79.9909,    48.750
 44556.0, 6021.04,  -95.72,  -18.12,    34.904,   79.9900,    48.750
 44557.7, 6008.94,  -99.96,  -17.59,    34.957,   79.9900,    48.750
 44559.3, 6015.08,  -96.58,  -18.29,    35.049,   79.9900,    48.750
 44561.0, 5993.07,  -98.69,  -17.86,    35.041,   79.9893,    48.750
 44562.6, 5974.06, -100.31,  -17.56,    35.004,   79.9893,    48.750
 44564.3, 5963.09, -104.98,  -17.71,    35.003,   79.9893,    48.771
 44566.0, 5950.02, -105.39,  -17.19,    34.999,   79.9894,    48.750
 44567.7, 5949.78, -108.65,  -17.79,    35.019,   79.9894,    48.765
 44569.3, 5951.45, -101.23,  -17.93,    35.014,   79.9895,    48.756
 44570.9, 5951.64,  -89.60,  -17.70,    34.994,   79.9897,    48.750
 44572.6, 5954.86,  -99.06,  -17.73,    34.964,   79.9897,    48.750
 44574.2, 5962.84, -113.73,  -17.20,    34.991,   79.9897,    48.750
 44575.8, 5972.35, -105.52,  -18.69,    34.998,   79.9898,    48.791
 44577.4, 5972.27, -102.91,  -18.11,    34.965,   79.9898,    48.750
 44579.1, 5976.38, -101.03,  -17.42,    35.039,   79.9903,    48.750
 44580.8, 5978.28, -102.48,  -18.26,    35.049,   79.9916,    48.750
 44582.6, 5972.53, -111.12,  -17.47,    35.011,   79.9916,    48.750
 44585.8, 5992.66, -105.87,  -18.16,    34.999,   79.9932,    48.750
 44587.5, 6010.58, -104.27,  -18.00,    34.982,   79.9932,    48.750
 44589.1, 6036.34, -113.75,  -17.29,    35.004,   79.9932,    48.750
 44590.8, 6058.65, -104.75,  -17.22,    34.995,   79.9911,    48.750
 44592.5, 6079.48, -100.00,  -17.93,    34.947,   79.9911,    48.750
 44594.2, 6114.66, -101.62,  -17.89,    35.009,   79.9911,    48.750
 44595.8, 6125.93, -113.01,  -17.20,    35.026,   79.9919,    48.729
 44597.5, 6150.41,  -95.72,  -17.53,    35.027,   79.9920,    48.737
 44599.3, 6161.56,  -97.97,  -17.64,    35.003,   79.9921,    48.750
 44601.0, 6177.19, -108.06,  -17.92,    34.994,   79.9922,    48.750
 44602.7, 6188.54,  -98.32,  -17.42,    34.994,   79.9922,    48.750
 44604.5, 6194.21,  -99.07,  -17.51,    35.008,   79.9922,    48.701
 44606.2, 6191.86, -102.15,  -17.64,    34.996,   79.9915,    48.688
 44607.8, 6187.80, -113.37,  -18.12,    34.963,   79.9915,    48.693
 44609.5, 6186.42, -102.11,  -17.10,    35.009,   79.9912,    48.704
 44611.2, 6174.09,  -89.45,  -16.99,    34.999,   79.9908,    48.688
 44613.0, 6162.79,  -96.47,  -17.24,    35.003,   79.9908,    48.705
 44614.6, 6151.22, -102.39,  -17.62,    35.021,   79.9908,    48.688
 44617.7, 6114.71,  -90.05,  -18.26,    34.990,   79.9909,    48.688
 44619.5, 6087.97, -101.57,  -17.20,    34.993,   79.9906,    48.688
 44621.2, 6068.32,  -98.83,  -17.56,    34.970,   79.9896,    48.688
 44622.9, 6053.43,  -96.36,  -18.21,    34.959,   79.9896,    48.714
 44624.6, 6050.64, -107.09,  -17.47,    35.040,   79.9892,    48.704
 44626.3, 6047.02, -108.68,  -17.53,    35.041,   79.9887,    48.705
 44628.0, 6033.36, -103.23,  -17.83,    34.999,   79.9887,    48.738
 44629.7, 6033.86,  -98.13,  -17.46,    35.013,   79.9886,    48.688
 44631.4, 6031.53, -100.13,  -17.34,    35.001,   79.9885,    48.706
 44633.1, 6032.94,  -98.68,  -17.36,    34.989,   79.9885,    48.710
 44634.8, 6037.04, -102.54,  -18.46,    34.953,   79.9888,    48.703
 44636.4, 6035.75,  -96.99,  -18.27,    34.925,   79.9893,    48.713
 44638.1, 6052.36,  -92.08,  -16.88,    35.019,   79.9893,    48.688
 44639.8, 6062.32, -101.89,  -17.56,    35.035,   79.9881,    48.688
 44641.5, 6065.18, -101.15,  -17.63,    35.017,   79.9871,    48.688
 44643.3, 6071.26,  -99.57,  -17.73,    34.996,   79.9871,    48.694
 44645.1, 6082.92, -102.25,  -17.94,    34.986,   79.9877,    48.703
 44646.9, 6091.93, -100.23,  -17.25,    35.011,   79.9879,    48.707
 44649.9, 6102.64, -110.08,  -17.93,    34.963,   79.9880,    48.688
 44651.5, 6113.92, -104.17,  -18.07,    34.979,   79.9881,    48.688
 44653.1, 6131.05, -102.29,  -17.54,    35.052,   79.9881,    48.688
 44654.8, 6125.94, -101.62,  -16.99,    35.008,   79.9880,    48.688
 44656.5, 6132.22,  -94.56,  -17.72,    34.992,   79.9878,    48.688
 44658.3, 6130.75,  -93.15,  -16.99,    35.004,   79.9878,    48.688
 44660.0, 6129.69, -100.97,  -17.95,    34.980,   79.9880,    48.688
 44661.7, 6135.76, -111.61,  -18.10,    34.989,   79.9882,    48.688
 44663.4, 6130.15, -104.20,  -17.27,    34.958,   79.9882,    48.688
 44665.1, 6133.02,  -91.51,  -17.72,    34.985,   79.9890,    48.688
 44666.8, 6139.29, -105.97,  -17.26,    35.060,   79.9893,    48.688
 44668.5, 6134.69, -105.08,  -17.25,    35.043,   79.9893,    48.688
 44670.2, 6128.83, -102.35,  -17.47,    35.000,   79.9897,    48.688
 44671.9, 6131.42,  -99.22,  -17.98,    35.014,   79.9900,    48.688
 44673.6, 6126.83, -102.46,  -17.35,    34.990,   79.9900,    48.688
 44675.3, 6132.19, -101.24,  -17.43,    35.003,   79.9897,    48.688
 44677.0, 6128.56,  -97.60,  -17.53,    34.965,   79.9896,    48.688
 44678.6, 6129.83, -104.99,  -18.77,    34.905,   79.9896,    48.688
 44681.7, 6157.01,  -97.18,  -17.78,    35.067,   79.9915,    48.688
 44683.4, 6156.88,  -96.24,  -17.54,    35.017,   79.9915,    48.688
 44685.1, 6159.08, -104.50,  -17.59,    35.006,   79.9915,    48.688
 44686.9, 6168.27, -105.74,  -17.81,    35.011,   79.9915,    48.688
 44688.7, 6176.41, -109.11,  -17.50,    35.008,   79.9915,    48.688
 44690.3, 6181.88, -104.26,  -17.43,    34.988,   79.9922,    48.688
 44692.0, 6187.14, -104.86,  -18.11,    34.958,   79.9922,    48.683
 44693.7, 6183.41,  -94.53,  -17.13,    34.928,   79.9922,    48.649
 44695.4, 6209.63, -108.90,  -17.36,    35.019,   79.9919,    48.688
 44697.0, 6218.30, -107.16,  -18.10,    35.038,   79.9918,    48.669
 44698.6, 6218.68,  -97.39,  -17.59,    35.026,   79.9918,    48.688
 44700.3, 6218.42, -106.57,  -17.65,    35.001,   79.9910,    48.667
 44701.9, 6223.74, -105.40,  -17.87,    35.027,   79.9910,    48.665
 44703.7, 6225.85, -109.28,  -17.37,    35.016,   79.9910,    48.625
 44705.5, 6231.76, -106.59,  -17.29,    34.990,   79.9906,    48.625
 44707.2, 6239.58, -100.16,  -18.31,    34.979,   79.9905,    48.645
 44708.9, 6241.00,  -91.99,  -17.73,    34.959,   79.9905,    48.637
 44710.5, 6252.81,  -92.49,  -17.73,    35.011,   79.9901,    48.634
 44713.6, 6252.67, -105.69,  -18.20,    34.941,   79.9901,    48.645
 44715.2, 6260.98, -104.93,  -16.69,    35.001,   79.9884,    48.625
 44716.9, 6280.90, -106.36,  -17.18,    35.082,   79.9879,    48.625
 44718.5, 6282.46,  -99.68,  -17.80,    35.007,   79.9879,    48.650
 44720.3, 6288.23,  -99.99,  -17.56,    34.986,   79.9892,    48.638
 44722.1, 6302.52, -101.75,  -18.06,    34.992,   79.9896,    48.662
 44723.8, 6309.77,  -97.52,  -17.26,    35.011,   79.9896,    48.642
 44725.4, 6317.76,  -95.90,  -17.70,    34.999,   79.9891,    48.664
 44727.1, 6331.64,  -97.58,  -17.04,    34.986,   79.9889,    48.676
 44728.8, 6363.10, -115.67,  -18.67,    34.967,   79.9889,    48.627
 44730.4, 6401.96,  -97.61,  -17.32,    34.988,   79.9902,    48.660
 44732.1, 6446.01, -100.94,  -16.77,    35.012,   79.9903,    48.637
 44733.8, 6482.57,  -99.19,  -18.33,    34.972,   79.9903,    48.654
 44735.4, 6501.79,  -99.43,  -16.89,    35.008,   79.9903,    48.644
 44737.1, 6523.29,  -94.08,  -17.60,    35.035,   79.9903,    48.666
 44738.8, 6526.76, -107.29,  -17.36,    35.028,   79.9903,    48.665
 44740.5, 6526.35,  -99.01,  -17.06,    35.009,   79.9919,    48.671
