WISPER_raw_data/WISPER_20160918_rawField.ict
40, 1001
David Noone
Oregon State University
Water Vapor Isotopic Analyzer (Picarro L2120i) - H2O concentration, D/H and 18O/16O isotope ratios (delta notation)
ORACLES
1, 1
2016, 09, 18, 2016, 09, 18
0
Start_UTC, seconds
6
1, 1, 1, 1, 1, 1
-9999, -9999, -9999, -9999, -9999, -9999
H2O_ppmv, ppmv
dD_permil, permil
d18O_permil, permil
pressure_cavity, torr
temp_cavity, degrees_celcius
temp_das, degrees_celcius
0
18
PI_CONTACT_INFO: Address: David Noone, CEOAS, Oregon State University, Corvallis OR 97331; email: nooned@oregonstate.edu
PLATFORM: NASA P3B (N426NA), sampling port side foward window from forward facing diffuser inlet
LOCATION: Aircraft location data decribed elsewhere
ASSOCIATED_DATA: see http://espoarchive.nasa.gov/archive/browse/oracles
INSTRUMENT_INFO: Water Vapor Isotopic Analyzer (Picarro L2120-i): cavity-ringdown tunable diode laser spectoscopy.
DATA_INFO: Units are ppmv for H2O and permil relative to SMOW for d18O and dD.
UNCERTAINTY: The absolute accuracy humidity dependent is in the range 1 % for H2O, 1 permil for dD and 0.5 permil for d18O.
ULOD_FLAG: -7777
ULOD_VALUE: N/A
LLOD_FLAG: -8888
LLOD_VALUE: N/A
DM_CONTACT_INFO: David Noone; Oregon State University; nooned@oregonstate.edu
PROJECT_INFO: ORACLES Mission August-October 2016; Southeast Atlantic/Walvis Bay, Namibia
STIPULATIONS_ON_USE: Until made public, only the ORACLES science team is allowed to use this data, per the ORACLES data protocol.
OTHER_COMMENTS: Data is uncalibrated, uncheck and not useful for science at this level
REVISION: RAW
RAW: Raw translation of Picarro output files to ICARTT format
Start_UTC, H2O_ppmv, dD_permil, d18O_permil, pressure_cavity, temp_cavity, temp_das
 23363.7,10858.41, -122.26,   20.12,    35.004,   78.4790,    43.062
 23365.7,10890.07,  -13.09,   -3.81,    35.025,   78.5331,    43.062
[from data line 10203]
 41424.6, 6635.15, -101.86,  -17.86,    34.966,   79.9978,    50.250
 41427.7, 6684.45,  -98.93,  -17.84,    34.965,   79.9976,    50.188
 41429.4, 6716.58,  -99.14,  -17.27,    34.973,   79.9971,    50.211
 41431.2, 6760.47, -105.27,  -17.85,    35.031,   79.9964,    50.250
 41432.9, 6781.06,  -98.95,  -17.70,    35.039,   79.9964,    50.227
 41434.7, 6804.09, -104.32,  -17.72,    35.005,   79.9957,    50.188
 41436.4, 6836.78,  -99.33,  -17.33,    34.989,   79.9950,    50.241
 41438.1, 6867.37,  -96.07,  -17.28,    34.979,   79.9950,    50.229
 41439.9, 6906.65,  -99.43,  -17.30,    34.971,   79.9953,    50.250
 41441.7, 6947.09, -102.81,  -17.40,    34.982,   79.9956,    50.229
 41443.4, 6994.00,  -96.77,  -17.22,    34.980,   79.9956,    50.250
 41445.1, 7046.80,  -95.02,  -17.85,    34.997,   79.9958,    50.250
 41446.8, 7085.92,  -96.81,  -17.59,    35.020,   79.9958,    50.250
 41448.5, 7138.09,  -97.74,  -17.87,    35.046,   79.9958,    50.250
 41450.2, 7183.27,  -91.68,  -17.19,    35.026,   79.9962,    50.250
 41451.9, 7231.27,  -94.29,  -16.72,    35.030,   79.9964,    50.250
 41453.6, 7261.07,  -95.68,  -17.30,    34.976,   79.9964,    50.250
 41455.3, 7292.71, -102.47,  -16.79,    34.983,   79.9973,    50.250
 41457.1, 7312.60,  -92.18,  -17.18,    35.010,   79.9977,    50.250
 41460.2, 7310.53, -106.64,  -17.30,    35.000,   79.9983,    50.250
 41461.8, 7310.84, -100.18,  -17.62,    34.986,   79.9984,    50.250
 41463.5, 7314.40,  -96.59,  -17.08,    35.012,   79.9984,    50.250
 41465.2, 7319.91,  -94.75,  -17.55,    34.988,   79.9993,    50.250
 41466.9, 7327.13,  -87.68,  -17.57,    34.991,   80.0003,    50.250
 41468.6, 7333.73,  -95.60,  -17.35,    34.988,   80.0003,    50.250
 41470.3, 7341.55,  -96.99,  -17.30,    35.014,   80.0010,    50.250
 41472.1, 7334.86,  -97.24,  -16.94,    35.022,   80.0015,    50.250
 41473.8, 7319.47, -102.31,  -17.38,    34.990,   80.0015,    50.250
 41475.5, 7311.47, -106.22,  -16.72,    35.013,   80.0014,    50.250
 41477.3, 7307.44,  -88.56,  -17.83,    35.010,   80.0014,    50.250
 41479.0, 7300.75,  -98.78,  -17.36,    34.977,   80.0014,    50.250
 41480.7, 7295.35,  -90.76,  -17.80,    34.977,   80.0025,    50.250
 41482.4, 7298.99, -100.46,  -17.11,    35.001,   80.0025,    50.250
 41484.2, 7295.06, -107.36,  -17.24,    35.015,   80.0025,    50.250
 41486.0, 7291.78, -105.08,  -17.09,    34.997,   79.9996,    50.250
 41487.7, 7281.80,  -99.87,  -17.14,    35.015,   79.9986,    50.250
 41489.5, 7264.38,  -96.08,  -17.79,    34.934,   79.9988,    50.250
 41492.7, 7264.71, -101.91,  -17.15,    34.993,   79.9993,    50.250
 41494.4, 7268.00, -101.43,  -17.21,    35.052,   79.9993,    50.250
 41496.1, 7250.20, -101.71,  -17.06,    35.009,   79.9983,    50.250
 41497.8, 7243.99,  -95.91,  -17.69,    34.977,   79.9981,    50.250
 41499.5, 7243.93,  -98.91,  -17.57,    34.992,   79.9980,    50.250
 41501.3, 7247.19,  -90.21,  -16.98,    35.009,   79.9979,    50.250
 41503.1, 7253.42,  -96.18,  -17.46,    34.978,   79.9979,    50.250
 41505.0, 7263.29,  -94.12,  -17.40,    34.966,   79.9977,    50.250
 41506.7, 7278.28, -100.41,  -17.37,    34.969,   79.9976,    50.250
 41508.4, 7292.93, -100.94,  -16.76,    34.986,   79.9976,    50.250
 41510.0, 7311.27, -103.93,  -17.10,    35.021,   79.9969,    50.250
 41511.8, 7319.89, -102.27,  -17.34,    35.024,   79.9966,    50.250
 41513.6, 7325.08,  -99.27,  -17.50,    34.997,   79.9966,    50.218
 41515.3, 7332.48,  -92.52,  -17.26,    34.979,   79.9973,    50.188
 41517.0, 7339.79, -104.60,  -17.24,    34.964,   79.9974,    50.188
 41518.7, 7356.51,  -93.14,  -17.20,    34.991,   79.9974,    50.216
 41520.4, 7371.05, -101.66,  -17.43,    35.025,   79.9977,    50.250
 41522.2, 7377.41,  -96.38,  -17.38,    35.003,   79.9977,    50.250
 41525.3, 7404.69, -102.74,  -16.76,    35.014,   79.9979,    50.250
 41527.1, 7429.01,  -93.14,  -17.84,    34.965,   79.9981,    50.250
 41528.8, 7456.06,  -92.93,  -17.21,    35.012,   79.9981,    50.250
 41530.5, 7469.74,  -97.91,  -16.81,    35.004,   79.9978,    50.250
 41532.1, 7483.97, -103.72,  -16.80,    34.992,   79.9978,    50.250
 41533.8, 7502.47, -101.06,  -17.53,    35.001,   79.9978,    50.250
 41535.6, 7508.24,  -95.83,  -17.15,    35.007,   79.9977,    50.250
 41537.3, 7513.84,  -94.26,  -17.16,    35.002,   79.9976,    50.250
 41539.0, 7506.12,  -92.20,  -17.27,    34.979,   79.9977,    50.250
 41540.7, 7500.33,  -92.99,  -17.76,    34.959,   79.9983,    50.250
 41542.4, 7501.72,  -98.38,  -16.69,    35.026,   79.9983,    50.234
 41544.2, 7490.47,  -93.21,  -17.50,    34.996,   79.9979,    50.250
 41546.0, 7474.26,  -95.59,  -17.14,    34.978,   79.9971,    50.250
 41547.6, 7465.85,  -94.48,  -17.28,    34.990,   79.9971,    50.250
 41549.3, 7461.96,  -97.71,  -17.06,    35.013,   79.9969,    50.250
 41551.1, 7456.53, -102.85,  -16.99,    35.011,   79.9962,    50.250
 41552.8, 7445.20, -102.84,  -17.10,    34.994,   79.9962,    50.250
 41554.5, 7418.87,  -97.42,  -17.30,    34.959,   79.9961,    50.250
 41557.5, 7371.93,  -87.31,  -17.08,    35.020,   79.9953,    50.250
 41559.3, 7322.54,  -92.28,  -17.34,    35.032,   79.9950,    50.250
 41561.0, 7260.64,  -98.16,  -17.00,    34.991,   79.9940,    50.250
 41562.8, 7202.28,  -91.04,  -17.33,    34.998,   79.9940,    50.250
 41564.4, 7136.87, -100.18,  -17.97,    34.951,   79.9945,    50.250
 41566.1, 7077.46, -105.44,  -17.63,    34.919,   79.9961,    50.250
 41567.8, 7046.97,  -93.74,  -16.95,    34.994,   79.9961,    50.250
 41569.5, 7000.02, -102.26,  -17.93,    34.995,   79.9958,    50.250
 41571.2, 6954.48,  -92.28,  -17.99,    34.970,   79.9955,    50.250
 41572.9, 6918.05, -105.81,  -17.55,    34.981,   79.9955,    50.250
 41574.7, 6896.02,  -96.04,  -16.98,    35.015,   79.9948,    50.250
 41576.4, 6864.44,  -94.79,  -17.72,    35.008,   79.9942,    50.250
 41578.2, 6826.19,  -97.37,  -17.84,    35.012,   79.9942,    50.250
 41579.9, 6784.42,  -99.59,  -17.88,    34.971,   79.9939,    50.250
 41581.6, 6727.07, -101.68,  -17.44,    34.946,   79.9936,    50.250
 41583.3, 6692.37,  -92.13,  -17.96,    34.986,   79.9936,    50.220
 41585.1, 6663.98,  -99.24,  -17.45,    35.056,   79.9942,    50.225
 41586.9, 6621.81, -100.18,  -17.69,    35.025,   79.9954,    50.250
 41590.1, 6563.64, -104.54,  -17.80,    34.985,   79.9959,    50.250
 41591.8, 6525.22, -102.58,  -17.19,    34.999,   79.9962,    50.250
 41593.6, 6495.90, -101.40,  -17.92,    34.978,   79.9962,    50.250
 41595.3, 6462.96, -103.67,  -17.26,    35.011,   79.9953,    50.250
 41597.0, 6415.82,  -96.62,  -17.43,    34.989,   79.9950,    50.250
 41598.8, 6356.53, -104.69,  -18.15,    34.994,   79.9950,    50.250
 41600.5, 6294.02,  -94.77,  -18.51,    34.989,   79.9962,    50.250
 41602.2, 6244.06,  -95.87,  -17.47,    35.025,   79.9966,    50.250
 41604.0, 6199.92, -105.72,  -18.12,    35.007,   79.9967,    50.250
 41605.8, 6155.76, -100.86,  -17.56,    34.972,   79.9969,    50.250
 41607.6, 6117.64,  -95.16,  -18.10,    34.990,   79.9969,    50.250
 41609.4, 6066.25, -108.05,  -18.02,    35.021,   79.9969,    50.250
 41611.1, 6017.01, -110.22,  -17.93,    35.036,   79.9969,    50.250
 41612.7, 5950.18, -101.89,  -18.36,    35.011,   79.9969,    50.233
 41614.4, 5865.18, -104.87,  -18.02,    34.983,   79.9970,    50.250
 41616.1, 5772.84,  -95.47,  -17.46,    34.989,   79.9974,    50.250
 41617.9, 5684.12, -104.26,  -18.75,    34.973,   79.9974,    50.250
 41619.6, 5629.66, -102.25,  -19.18,    35.000,   79.9980,    50.250
 41622.7, 5576.10,  -89.62,  -18.42,    34.983,   79.9986,    50.250
 41624.3, 5564.87, -112.52,  -18.50,    34.991,   79.9986,    50.250
 41626.0, 5567.31, -100.26,  -18.50,    34.989,   79.9994,    50.250
 41627.6, 5576.00, -102.73,  -17.99,    35.026,   79.9994,    50.250
 41629.3, 5575.26, -107.18,  -18.85,    34.994,   79.9994,    50.250
 41631.0, 5578.77, -101.92,  -18.31,    34.983,   79.9992,    50.250
 41632.8, 5581.60, -105.91,  -18.76,    34.962,   79.9992,    50.250
 41634.5, 5584.45, -111.17,  -18.33,    34.972,   79.9993,    50.250
 41636.2, 5600.17, -105.01,  -18.02,    35.023,   80.0004,    50.250
 41637.9, 5600.55, -103.65,  -18.28,    35.022,   80.0004,    50.250
 41639.6, 5596.08, -102.48,  -18.30,    34.988,   80.0008,    50.250
 41641.3, 5593.31,  -95.96,  -17.86,    34.999,   80.0016,    50.250
 41643.1, 5594.18,  -96.48,  -18.75,    34.967,   80.0016,    50.250
 41644.9, 5589.67, -106.72,  -18.53,    34.954,   80.0025,    50.250
 41646.6, 5588.27, -102.47,  -19.18,    34.911,   80.0031,    50.250
 41648.4, 5594.28, -108.60,  -18.26,    34.979,   80.0031,    50.250
 41650.1, 5592.38, -100.15,  -17.58,    35.047,   80.0025,    50.250
 41651.8, 5591.16, -102.14,  -18.26,    35.002,   80.0021,    50.250
 41654.9, 5589.69, -100.98,  -18.67,    34.956,   80.0021,    50.250
 41656.7, 5613.46, -102.55,  -17.97,    34.997,   80.0021,    50.250
 41658.4, 5635.68,  -98.57,  -18.14,    35.029,   80.0021,    50.250
 41660.1, 5650.81, -102.79,  -17.99,    34.974,   80.0022,    50.219
 41661.8, 5687.09, -104.82,  -18.21,    34.997,   80.0022,    50.221
 41663.4, 5724.30, -107.95,  -18.32,    35.009,   80.0022,    50.250
 41665.2, 5754.63, -110.45,  -17.65,    34.985,   80.0010,    50.250
 41666.9, 5793.57, -104.16,  -18.00,    34.986,   80.0007,    50.250
 41668.6, 5835.67, -103.60,  -17.98,    35.008,   80.0007,    50.250
 41670.4, 5868.05,  -95.07,  -18.70,    34.993,   79.9995,    50.250
 41672.0, 5892.17,  -99.46,  -18.23,    34.963,   79.9993,    50.250
 41673.7, 5923.47, -104.89,  -18.57,    34.976,   79.9993,    50.250
 41675.4, 5953.66, -106.00,  -17.98,    35.002,   79.9991,    50.250
 41677.1, 5977.38, -107.53,  -17.88,    35.014,   79.9988,    50.250
 41678.8, 5996.94, -106.42,  -17.67,    34.990,   79.9988,    50.250
 41680.4, 6014.87, -112.09,  -18.70,    34.938,   79.9980,    50.230
 41682.0, 6025.55, -104.28,  -17.57,    34.938,   79.9979,    50.188
 41683.7, 6063.62, -105.10,  -17.79,    35.085,   79.9979,    50.188
 41686.8, 6095.35,  -98.96,  -18.15,    35.029,   79.9974,    50.243
 41688.5, 6113.38, -106.12,  -18.02,    35.002,   79.9974,    50.188
 41690.2, 6134.37, -106.48,  -18.15,    34.909,   79.9984,    50.241
 41691.8, 6169.55, -105.01,  -18.82,    34.854,   79.9986,    50.213
 41693.5, 6246.85, -100.48,  -16.19,    35.095,   79.9986,    50.188
 41695.2, 6301.72, -101.04,  -18.04,    35.097,   80.0001,    50.188
 41696.9, 6353.37, -104.74,  -17.60,    34.993,   80.0004,    50.204
 41698.5, 6422.25, -102.40,  -17.75,    34.985,   80.0004,    50.226
 41700.2, 6506.37, -105.77,  -17.42,    35.015,   80.0011,    50.231
 41701.9, 6579.94, -103.98,  -18.19,    34.988,   80.0015,    50.250
 41703.7, 6665.18, -101.47,  -17.16,    34.987,   80.0015,    50.250
 41705.2, 6753.15,  -99.18,  -17.85,    34.976,   80.0013,    50.250
 41706.8, 6829.37, -100.59,  -18.20,    34.823,   80.0012,    50.250
 41708.4, 6983.40,  -99.54,  -18.23,    34.945,   80.0012,    50.250
 41710.0, 7189.59,  -99.98,  -16.08,    35.243,   80.0023,    50.250
 41711.8, 7355.59,  -94.76,  -17.43,    35.065,   80.0030,    50.190
 41713.5, 7523.61,  -93.70,  -17.10,    35.001,   80.0030,    50.242
 41715.1, 7688.57,  -97.13,  -16.94,    34.980,   80.0048,    50.237
 41718.2, 7982.87,  -92.90,  -17.87,    34.992,   80.0053,    50.197
 41719.9, 8153.52,  -92.05,  -16.48,    35.030,   80.0049,    50.233
 41721.4, 8312.60,  -83.86,  -16.95,    35.001,   80.0045,    50.250
 41723.1, 8468.28,  -96.32,  -16.14,    34.975,   80.0045,    50.250
 41724.7, 8618.16,  -89.64,  -16.57,    34.972,   80.0042,    50.250
 41726.4, 8767.64,  -95.96,  -16.18,    35.035,   80.0038,    50.250
 41728.1, 8875.68,  -86.10,  -16.41,    34.968,   80.0038,    50.250
 41729.8, 8968.99,  -90.45,  -15.40,    34.937,   80.0024,    50.250
 41731.5, 9044.88,  -93.76,  -16.79,    34.915,   80.0015,    50.246
 41733.1, 9093.44,  -80.60,  -16.57,    34.859,   80.0015,    50.197
 41734.8, 9189.96,  -95.22,  -15.02,    35.026,   80.0009,    50.234
 41736.5, 9219.64,  -89.78,  -15.53,    35.159,   79.9993,    50.250
 41738.3, 9199.50,  -90.64,  -16.48,    35.035,   79.9993,    50.203
 41740.0, 9178.84,  -91.13,  -16.25,    34.951,   79.9990,    50.188
 41741.6, 9158.52,  -89.41,  -15.88,    34.979,   79.9989,    50.188
 41743.3, 9097.72,  -83.84,  -16.79,    34.952,   79.9989,    50.217
 41744.9, 9004.35,  -87.96,  -15.50,    35.005,   79.9980,    50.250
 41746.6, 8839.67,  -90.79,  -16.27,    35.034,   79.9973,    50.211
 41749.7, 8411.28,  -87.41,  -16.92,    34.970,   79.9974,    50.188
 41751.3, 8180.63,  -92.77,  -16.73,    34.995,   79.9976,    50.188
 41753.0, 7969.19,  -88.56,  -16.28,    35.038,   79.9976,    50.188
 41754.8, 7763.02,  -88.63,  -16.23,    35.034,   79.9975,    50.188
 41756.6, 7599.94,  -92.73,  -17.83,    34.935,   79.9970,    50.188
 41758.2, 7464.28,  -82.66,  -17.97,    34.861,   79.9970,    50.188
 41759.8, 7398.52,  -88.85,  -17.23,    34.984,   79.9972,    50.188
 41761.5, 7338.41, -100.45,  -16.53,    35.146,   79.9973,    50.188
 41763.1, 7263.25,  -90.53,  -16.98,    35.054,   79.9973,    50.188
 41764.8, 7201.55,  -86.72,  -17.26,    35.008,   79.9974,    50.188
 41766.4, 7149.36,  -88.86,  -17.85,    34.928,   79.9983,    50.188
 41768.0, 7126.93,  -87.88,  -16.95,    34.974,   79.9983,    50.191
 41769.7, 7105.05,  -87.06,  -16.76,    35.063,   79.9987,    50.205
 41771.3, 7073.40,  -98.49,  -17.20,    35.004,   79.9993,    50.200
 41773.0, 7054.01,  -84.40,  -18.06,    34.949,   79.9993,    50.250
 41774.5, 7036.91,  -98.93,  -17.11,    34.973,   79.9993,    50.250
 41776.2, 7039.72,  -92.03,  -17.02,    35.007,   79.9993,    50.227
 41778.0, 7029.27,  -91.51,  -17.05,    35.042,   79.9993,    50.230
 41781.1, 7001.55,  -90.09,  -17.23,    34.933,   80.0007,    50.237
 41782.8, 6977.31,  -89.60,  -18.01,    34.789,   80.0007,    50.199
 41784.5, 7010.89,  -98.97,  -16.22,    34.991,   80.0007,    50.250
 41786.1, 7042.84,  -95.73,  -16.33,    35.200,   80.0013,    50.250
 41787.8, 7011.16,  -91.08,  -17.43,    35.037,   80.0013,    50.250
 41789.4, 6996.99,  -91.68,  -17.06,    34.964,   80.0013,    50.250
 41791.2, 7000.19,  -86.31,  -17.18,    35.001,   80.0013,    50.250
 41792.9, 6993.09,  -94.57,  -17.21,    35.001,   80.0013,    50.250
 41794.5, 6990.06,  -94.03,  -17.22,    35.019,   80.0013,    50.250
 41796.3, 6979.44, -101.60,  -16.97,    34.977,   80.0012,    50.250
 41798.0, 6961.52,  -87.84,  -18.27,    34.888,   80.0012,    50.233
 41799.7, 6970.44,  -93.82,  -16.45,    34.974,   80.0008,    50.250
 41801.3, 6969.74, -106.59,  -16.58,    35.061,   80.0004,    50.250
 41802.9, 6947.17, -109.16,  -17.18,    34.960,   80.0004,    50.250
 41804.6, 6948.32,  -91.47,  -17.30,    34.979,   80.0004,    50.234
 41806.4, 6935.52,  -94.90,  -16.07,    35.025,   79.9988,    50.226
 41808.2, 6922.10, -105.65,  -17.27,    34.988,   79.9988,    50.207
 41810.0, 6922.70,  -98.17,  -17.07,    34.992,   79.9986,    50.229
 41813.1, 6903.26,  -91.80,  -17.46,    34.910,   79.9984,    50.250
 41814.7, 6915.84,  -96.22,  -17.57,    35.006,   79.9978,    50.250
 41816.5, 6920.41, -104.50,  -17.22,    35.024,   79.9972,    50.250
 41818.2, 6912.83,  -90.72,  -17.61,    34.983,   79.9972,    50.211
 41819.9, 6911.45,  -98.30,  -17.38,    34.986,   79.9961,    50.250
 41821.6, 6919.48,  -88.44,  -18.07,    35.001,   79.9948,    50.250
 41823.3, 6911.75, -100.86,  -17.36,    34.985,   79.9948,    50.250
 41825.0, 6922.98,  -98.43,  -17.70,    34.988,   79.9955,    50.250
 41826.7, 6923.18,  -92.45,  -17.04,    34.994,   79.9958,    50.240
 41828.3, 6927.53,  -96.16,  -17.97,    34.954,   79.9958,    50.238
 41829.9, 6936.11,  -91.53,  -17.17,    34.985,   79.9968,    50.250
 41831.6, 6942.52,  -99.91,  -17.31,    35.005,   79.9974,    50.250
 41833.3, 6944.89,  -92.29,  -17.78,    35.035,   79.9974,    50.250
 41835.0, 6931.95,  -96.24,  -17.87,    34.974,   79.9972,    50.250
