WISPER_raw_data/Raw_Data_Backup/WISPER_20160927_rawField.ict
40, 1001
David Noone
Oregon State University
Water Vapor Isotopic Analyzer (Picarro L2120i) - H2O concentration, D/H and 18O/16O isotope ratios (delta notation)
ORACLES
1, 1
2016, 09, 27, 2016, 09, 27
0
Start_UTC, seconds
6
1, 1, 1, 1, 1, 1
-9999, -9999, -9999, -9999, -9999, -9999
H2O_ppmv, ppmv
dD_permil, permil
d18O_permil, permil
pressure_cavity, torr
temp_cavity, degrees_celcius
temp_das, degrees_celcius
0
18
PI_CONTACT_INFO: Address: David Noone, CEOAS, Oregon State University, Corvallis OR 97331; email: nooned@oregonstate.edu
PLATFORM: NASA P3B (N426NA), sampling port side foward window from forward facing diffuser inlet
LOCATION: Aircraft location data decribed elsewhere
ASSOCIATED_DATA: see http://espoarchive.nasa.gov/archive/browse/oracles
INSTRUMENT_INFO: Water Vapor Isotopic Analyzer (Picarro L2120-i): cavity-ringdown tunable diode laser spectoscopy.
DATA_INFO: Units are ppmv for H2O and permil relative to SMOW for d18O and dD.
UNCERTAINTY: The absolute accuracy humidity dependent is in the range 1 % for H2O, 1 permil for dD and 0.5 permil for d18O.
ULOD_FLAG: -7777
ULOD_VALUE: N/A
LLOD_FLAG: -8888
LLOD_VALUE: N/A
DM_CONTACT_INFO: David Noone; Oregon State University; nooned@oregonstate.edu
PROJECT_INFO: ORACLES Mission August-October 2016; Southeast Atlantic/Walvis Bay, Namibia
STIPULATIONS_ON_USE: Until made public, only the ORACLES science team is allowed to use this data, per the ORACLES data protocol.
OTHER_COMMENTS: Data is uncalibrated, uncheck and not useful for science at this level
REVISION: RAW
RAW: Raw translation of Picarro output files to ICARTT format
Start_UTC, H2O_ppmv, dD_permil, d18O_permil, pressure_cavity, temp_cavity, temp_das
 37661.1,14379.48,  -69.04,   34.89,    35.004,   78.4023,    40.970
 37663.1,14389.33,   96.68,   -6.51,    35.018,   78.4092,    40.964
[from data line 8812]
 53137.7,  282.82, -305.62,  -52.25,    34.980,   79.9918,    48.500
 53139.4,  287.88, -283.97,  -55.52,    34.977,   79.9919,    48.500
 53141.1,  286.62, -272.13,  -47.85,    34.997,   79.9925,    48.500
 53142.8,  290.57, -335.13,  -55.87,    35.001,   79.9925,    48.500
 53144.5,  291.20, -338.65,  -53.27,    35.034,   79.9926,    48.500
 53146.2,  288.42, -420.25,  -45.59,    35.014,   79.9927,    48.500
 53149.3,  288.95, -347.51,  -46.88,    34.994,   79.9927,    48.500
 53151.0,  291.21, -347.34,  -61.08,    34.995,   79.9923,    48.500
 53152.7,  287.04, -428.18,  -51.39,    34.996,   79.9923,    48.500
 53154.5,  287.40, -522.68,  -54.43,    34.990,   79.9927,    48.500
 53156.2,  286.02, -315.35,  -50.14,    35.015,   79.9936,    48.500
 53157.9,  284.34, -497.75,  -56.42,    34.998,   79.9936,    48.500
 53159.6,  282.09, -246.65,  -51.32,    34.994,   79.9936,    48.500
 53161.4,  282.02, -401.06,  -56.80,    35.022,   79.9935,    48.500
 53163.1,  282.77, -233.81,  -52.21,    34.989,   79.9935,    48.500
 53164.8,  280.51, -452.40,  -52.29,    34.984,   79.9940,    48.500
 53166.5,  285.02, -174.54,  -66.33,    34.997,   79.9945,    48.500
 53168.3,  280.74, -576.80,  -42.15,    34.987,   79.9945,    48.500
 53170.0,  286.74, -331.65,  -60.65,    34.986,   79.9941,    48.500
 53171.8,  285.45, -241.94,  -51.94,    35.019,   79.9940,    48.500
 53173.5,  291.57, -475.51,  -63.71,    35.024,   79.9941,    48.500
 53175.1,  287.00, -266.27,  -43.46,    34.996,   79.9955,    48.500
 53176.8,  294.55, -411.22,  -60.36,    35.002,   79.9955,    48.489
 53178.6,  290.58, -615.50,  -43.69,    34.982,   79.9955,    48.453
 53181.6,  296.99, -221.30,  -50.53,    35.001,   79.9960,    48.500
 53183.3,  301.94, -371.86,  -64.31,    35.003,   79.9960,    48.500
 53185.0,  299.66, -352.74,  -52.25,    34.991,   79.9953,    48.480
 53186.6,  300.92, -465.02,  -49.42,    34.987,   79.9946,    48.485
 53188.3,  303.39, -495.08,  -55.30,    35.013,   79.9946,    48.476
 53190.0,  306.24, -153.04,  -55.06,    34.994,   79.9951,    48.478
 53191.8,  310.02, -325.38,  -56.69,    35.001,   79.9954,    48.500
 53193.4,  305.95, -264.96,  -47.76,    34.996,   79.9954,    48.500
 53195.1,  310.23, -495.53,  -54.95,    34.997,   79.9944,    48.500
 53196.7,  310.34, -419.16,  -55.90,    35.003,   79.9937,    48.500
 53198.4,  310.72, -268.79,  -56.51,    34.996,   79.9937,    48.492
 53200.1,  309.33, -347.32,  -52.90,    34.994,   79.9933,    48.438
 53201.7,  305.83, -345.93,  -41.63,    34.990,   79.9932,    48.453
 53203.4,  307.64, -570.67,  -51.82,    35.005,   79.9932,    48.494
 53205.2,  310.84, -230.53,  -55.35,    35.011,   79.9939,    48.500
 53206.9,  305.32, -435.44,  -49.03,    34.994,   79.9942,    48.500
 53208.6,  308.06, -312.93,  -60.62,    35.009,   79.9942,    48.500
 53210.3,  304.26, -404.60,  -51.02,    34.993,   79.9947,    48.500
 53213.4,  307.26, -498.15,  -62.94,    35.001,   79.9950,    48.500
 53215.1,  304.76, -324.36,  -54.07,    35.008,   79.9951,    48.500
 53216.7,  302.46, -491.29,  -50.11,    34.999,   79.9951,    48.500
 53218.4,  306.29, -236.51,  -62.63,    34.993,   79.9951,    48.500
 53220.1,  302.96, -327.94,  -48.79,    34.998,   79.9948,    48.500
 53221.7,  306.66, -306.34,  -67.00,    34.997,   79.9947,    48.500
 53223.3,  302.79, -371.44,  -52.10,    34.989,   79.9947,    48.467
 53225.0,  306.06, -435.71,  -56.44,    34.991,   79.9947,    48.479
 53226.7,  304.97, -292.87,  -47.31,    34.996,   79.9946,    48.459
 53228.4,  311.21, -368.91,  -60.61,    35.008,   79.9946,    48.483
 53230.1,  309.43, -183.59,  -49.48,    35.016,   79.9949,    48.476
 53231.7,  314.54, -267.60,  -62.39,    34.981,   79.9951,    48.463
 53233.4,  311.46, -325.77,  -50.77,    34.990,   79.9951,    48.445
 53235.1,  312.17, -559.37,  -50.55,    35.009,   79.9957,    48.477
 53236.8,  313.46, -212.20,  -48.75,    34.995,   79.9960,    48.449
 53238.5,  313.39, -263.24,  -52.79,    34.972,   79.9960,    48.470
 53240.1,  314.65, -520.10,  -59.53,    34.999,   79.9958,    48.475
 53241.8,  311.78, -217.58,  -53.29,    35.020,   79.9958,    48.455
 53245.0,  303.70, -413.10,  -43.58,    35.017,   79.9963,    48.462
 53246.7,  304.83, -385.59,  -61.00,    35.010,   79.9966,    48.438
 53248.4,  299.18, -212.25,  -54.52,    34.995,   79.9966,    48.438
 53250.1,  292.89, -447.95,  -43.92,    34.972,   79.9967,    48.438
 53251.9,  296.33, -285.57,  -66.15,    35.010,   79.9967,    48.438
 53253.6,  288.15, -373.95,  -48.68,    34.985,   79.9967,    48.497
 53255.3,  289.56, -404.91,  -58.38,    35.003,   79.9968,    48.458
 53257.0,  287.39, -401.51,  -53.98,    35.002,   79.9968,    48.455
 53258.8,  286.61, -371.77,  -57.70,    35.012,   79.9968,    48.454
 53260.5,  286.73, -369.64,  -58.67,    34.992,   79.9971,    48.478
 53262.1,  282.75, -338.89,  -51.06,    34.995,   79.9971,    48.460
 53263.9,  283.69, -456.25,  -59.27,    35.010,   79.9971,    48.470
 53265.6,  280.76, -316.06,  -47.53,    35.011,   79.9978,    48.475
 53267.4,  281.57, -408.12,  -57.81,    35.004,   79.9983,    48.484
 53269.1,  278.69, -392.43,  -51.01,    35.002,   79.9983,    48.451
 53270.8,  280.12, -314.51,  -60.79,    34.982,   79.9984,    48.438
 53272.5,  278.36, -318.60,  -57.42,    34.986,   79.9984,    48.441
 53274.1,  274.53, -369.38,  -47.00,    35.013,   79.9983,    48.456
 53277.2,  270.29, -323.60,  -43.56,    35.005,   79.9976,    48.438
 53279.0,  272.22, -351.63,  -62.35,    34.979,   79.9976,    48.438
 53280.6,  270.33, -347.17,  -54.50,    35.001,   79.9977,    48.438
 53282.3,  266.29, -414.94,  -47.25,    35.007,   79.9977,    48.438
 53283.9,  269.37, -403.78,  -59.83,    35.011,   79.9977,    48.438
 53285.6,  263.63, -186.80,  -41.82,    34.980,   79.9979,    48.438
 53287.2,  267.17, -522.10,  -58.67,    34.997,   79.9980,    48.457
 53288.9,  267.57, -315.50,  -54.46,    34.991,   79.9980,    48.463
 53290.6,  265.53, -380.71,  -52.40,    35.006,   79.9992,    48.440
 53292.2,  265.39, -537.20,  -52.80,    35.012,   79.9992,    48.438
 53293.9,  263.97, -493.64,  -47.88,    34.988,   79.9992,    48.438
 53295.6,  266.80, -376.55,  -53.67,    35.006,   79.9990,    48.438
 53297.3,  270.23, -163.50,  -60.45,    35.016,   79.9990,    48.438
 53299.0,  265.52, -254.40,  -49.97,    34.989,   79.9989,    48.438
 53300.7,  267.05, -230.73,  -60.61,    35.001,   79.9984,    48.458
 53302.4,  262.66, -491.40,  -41.15,    34.989,   79.9984,    48.451
 53304.2,  267.47, -288.97,  -57.26,    35.000,   79.9984,    48.445
 53305.9,  266.50, -328.37,  -57.45,    35.026,   79.9992,    48.500
 53309.1,  264.11, -268.95,  -55.93,    34.966,   79.9992,    48.490
 53310.8,  260.15, -339.52,  -46.84,    34.983,   79.9996,    48.500
 53312.4,  265.79, -425.59,  -63.39,    35.003,   79.9997,    48.500
 53314.0,  260.10, -336.04,  -49.72,    34.985,   79.9994,    48.491
 53315.8,  262.18, -445.02,  -53.69,    35.004,   79.9981,    48.471
 53317.5,  265.62, -413.61,  -61.23,    34.981,   79.9981,    48.463
 53319.1,  261.87, -499.71,  -43.55,    34.991,   79.9981,    48.456
 53320.8,  270.34, -210.37,  -63.60,    35.055,   79.9979,    48.438
 53322.4,  266.35, -371.71,  -45.86,    35.016,   79.9979,    48.472
 53324.2,  268.35, -441.47,  -52.79,    35.007,   79.9983,    48.473
 53325.8,  269.74, -735.63,  -55.51,    35.004,   79.9992,    48.441
 53327.5,  270.44, -230.71,  -48.26,    34.993,   79.9992,    48.438
 53329.3,  270.04, -450.66,  -54.73,    35.001,   79.9993,    48.438
 53331.0,  271.21, -368.83,  -51.92,    35.012,   79.9995,    48.438
 53332.7,  269.18, -246.97,  -50.62,    34.985,   79.9995,    48.438
 53334.3,  273.23, -313.86,  -67.19,    35.005,   79.9995,    48.438
 53336.0,  268.29, -311.92,  -47.27,    35.006,   80.0000,    48.438
 53337.7,  266.53, -287.87,  -49.22,    34.998,   80.0000,    48.438
 53340.8,  262.87, -425.99,  -48.15,    35.009,   80.0008,    48.441
 53342.5,  264.24, -438.21,  -57.54,    35.009,   80.0008,    48.500
 53344.2,  264.01, -303.75,  -56.91,    34.979,   80.0008,    48.500
 53345.9,  259.34, -235.31,  -45.23,    34.991,   80.0010,    48.500
 53347.6,  258.09, -540.24,  -51.17,    35.007,   80.0010,    48.478
 53349.4,  258.50, -434.76,  -56.88,    34.995,   80.0009,    48.459
 53351.1,  253.30, -261.32,  -44.73,    35.015,   80.0003,    48.457
 53352.9,  255.43, -247.10,  -54.37,    34.983,   80.0003,    48.500
 53354.5,  258.39, -254.45,  -68.63,    35.007,   80.0001,    48.500
 53356.2,  252.75, -377.28,  -51.10,    35.021,   79.9998,    48.483
 53357.9,  254.85, -481.08,  -53.54,    34.996,   79.9998,    48.484
 53359.6,  255.00, -243.92,  -56.60,    34.997,   79.9999,    48.500
 53361.3,  253.33, -506.27,  -49.11,    34.984,   80.0002,    48.500
 53362.9,  255.96, -663.91,  -57.29,    34.997,   80.0002,    48.500
 53364.6,  255.35, -286.27,  -44.22,    34.981,   80.0000,    48.469
 53366.3,  264.07, -106.96,  -68.61,    35.004,   79.9997,    48.438
 53368.1,  259.78, -409.87,  -45.36,    34.997,   79.9997,    48.484
 53369.7,  265.63, -367.22,  -64.13,    35.016,   79.9997,    48.500
 53372.8,  263.82, -516.15,  -50.42,    34.991,   79.9997,    48.448
 53374.6,  265.20, -486.74,  -47.20,    35.018,   79.9997,    48.500
 53376.2,  267.23, -303.91,  -56.02,    34.998,   79.9997,    48.463
 53377.9,  266.85, -519.66,  -56.26,    34.977,   79.9997,    48.475
 53379.7,  261.76, -294.98,  -43.42,    35.006,   80.0003,    48.438
 53381.4,  265.74, -354.40,  -61.76,    35.002,   80.0007,    48.492
 53383.0,  259.95, -523.94,  -48.98,    35.001,   80.0007,    48.464
 53384.7,  259.90, -436.89,  -55.66,    34.995,   80.0011,    48.439
 53386.4,  257.82, -257.48,  -55.43,    34.985,   80.0018,    48.438
 53388.1,  253.01, -321.33,  -51.19,    35.019,   80.0018,    48.454
 53389.8,  252.78, -353.20,  -59.77,    35.006,   80.0024,    48.438
 53391.4,  246.19, -250.16,  -51.15,    35.013,   80.0028,    48.458
 53393.1,  243.37, -446.19,  -53.28,    34.984,   80.0028,    48.438
 53394.9,  237.59, -593.02,  -43.47,    34.973,   80.0030,    48.438
 53396.6,  237.66, -538.37,  -55.08,    35.003,   80.0032,    48.438
 53398.2,  238.48, -314.52,  -66.98,    35.017,   80.0032,    48.438
 53399.9,  232.37, -319.89,  -48.89,    35.020,   80.0035,    48.462
 53401.5,  233.34, -552.63,  -63.38,    35.011,   80.0038,    48.438
 53404.6,  229.81, -254.49,  -66.76,    34.982,   80.0041,    48.469
 53406.3,  227.13, -299.95,  -48.93,    34.991,   80.0043,    48.447
 53408.1,  226.88, -316.23,  -57.26,    35.023,   80.0043,    48.500
 53409.7,  227.51, -435.29,  -56.04,    35.005,   80.0043,    48.500
 53411.3,  228.11, -431.84,  -51.47,    34.999,   80.0042,    48.462
 53413.1,  230.14, -326.36,  -68.19,    34.999,   80.0042,    48.500
 53414.8,  222.07, -375.67,  -37.72,    34.985,   80.0045,    48.500
 53416.5,  227.60, -490.66,  -58.18,    35.006,   80.0050,    48.461
 53418.3,  225.48, -273.76,  -50.60,    35.016,   80.0050,    48.499
 53420.0,  226.14, -512.53,  -53.71,    34.992,   80.0044,    48.451
 53421.7,  226.74, -327.94,  -53.84,    35.000,   80.0038,    48.493
 53423.4,  225.92, -574.46,  -42.89,    35.009,   80.0038,    48.497
 53425.1,  227.83, -281.21,  -54.84,    34.996,   80.0026,    48.468
 53426.8,  227.84, -176.10,  -48.31,    34.988,   80.0021,    48.480
 53428.5,  231.21, -557.84,  -63.57,    34.992,   80.0021,    48.470
 53430.3,  229.71, -172.39,  -53.08,    35.007,   80.0025,    48.438
 53431.9,  232.44, -450.16,  -63.15,    35.020,   80.0026,    48.476
 53433.6,  229.69, -363.33,  -43.88,    35.007,   80.0026,    48.479
 53436.6,  232.30, -410.24,  -48.57,    34.996,   80.0018,    48.479
 53438.2,  233.54, -377.53,  -53.75,    35.014,   80.0018,    48.500
 53439.9,  233.23, -516.81,  -54.65,    35.008,   80.0021,    48.500
 53441.6,  232.04, -202.88,  -49.06,    34.991,   80.0022,    48.482
 53443.2,  233.44, -624.04,  -54.17,    35.000,   80.0022,    48.479
 53444.8,  231.12, -410.21,  -47.85,    35.014,   80.0020,    48.487
 53446.6,  232.25, -354.72,  -49.70,    34.999,   80.0018,    48.438
 53448.3,  234.08, -448.77,  -50.75,    34.995,   80.0018,    48.459
 53450.1,  235.05, -291.67,  -55.28,    35.016,   80.0024,    48.438
 53451.8,  234.03, -379.46,  -54.79,    34.972,   80.0026,    48.456
 53453.5,  236.14, -527.95,  -57.97,    34.980,   80.0026,    48.438
 53455.1,  234.62,  -98.50,  -61.87,    35.005,   80.0032,    48.482
 53456.7,  236.29, -463.84,  -55.95,    35.025,   80.0034,    48.500
 53458.4,  232.76, -278.15,  -44.27,    35.010,   80.0034,    48.477
 53460.1,  237.42, -368.60,  -65.90,    34.994,   80.0042,    48.441
 53461.8,  231.81, -122.09,  -40.73,    34.999,   80.0045,    48.485
 53463.5,  234.46, -156.68,  -57.44,    35.010,   80.0045,    48.483
 53465.2,  229.07, -456.13,  -42.04,    34.988,   80.0052,    48.495
 53468.3,  226.44, -280.61,  -43.44,    35.011,   80.0056,    48.461
 53470.0,  229.07, -331.04,  -63.98,    35.002,   80.0057,    48.438
 53471.7,  221.47, -716.03,  -36.33,    35.011,   80.0057,    48.472
 53473.4,  225.02, -207.61,  -61.46,    34.994,   80.0057,    48.455
 53475.1,  223.60, -133.66,  -60.64,    34.992,   80.0064,    48.438
 53476.8,  217.07, -280.42,  -44.76,    35.001,   80.0068,    48.475
 53478.5,  217.95, -447.38,  -54.95,    35.005,   80.0068,    48.467
 53480.2,  215.21, -449.51,  -52.61,    34.996,   80.0066,    48.500
 53481.9,  216.70, -538.71,  -60.73,    34.996,   80.0065,    48.483
 53483.6,  211.86, -489.94,  -45.67,    34.982,   80.0065,    48.458
 53485.2,  215.64, -350.20,  -58.75,    34.985,   80.0054,    48.496
 53486.8,  212.17,   -6.55,  -53.16,    34.973,   80.0049,    48.483
 53488.5,  211.76, -557.97,  -58.48,    34.967,   80.0049,    48.500
 53490.1,  211.63, -416.11,  -54.23,    34.978,   80.0041,    48.500
 53491.8,  209.38, -499.77,  -48.90,    35.007,   80.0036,    48.500
 53493.4,  212.54, -364.79,  -60.96,    35.023,   80.0036,    48.500
 53495.2,  205.72, -364.35,  -40.03,    35.050,   80.0032,    48.500
 53496.9,  207.78, -261.90,  -57.18,    34.996,   80.0030,    48.500
 53500.0,  207.18, -255.86,  -56.90,    35.001,   80.0025,    48.500
 53501.7,  208.63, -225.94,  -62.21,    35.006,   80.0021,    48.500
 53503.4,  200.69, -346.83,  -38.95,    34.991,   80.0021,    48.500
 53505.0,  203.94, -444.73,  -58.28,    35.000,   80.0013,    48.500
 53506.8,  204.03, -235.58,  -62.75,    34.990,   80.0011,    48.500
 53508.6,  198.81, -284.51,  -47.22,    34.991,   80.0011,    48.500
 53510.3,  201.62, -292.50,  -61.84,    34.991,   80.0004,    48.500
 53512.0,  194.15, -526.84,  -28.88,    34.998,   80.0002,    48.500
 53513.7,  200.49,  -98.31,  -62.53,    34.989,   80.0002,    48.500
 53515.5,  199.83, -487.78,  -58.35,    34.996,   80.0003,    48.500
 53517.3,  194.64, -251.22,  -42.25,    35.000,   80.0003,    48.500
 53519.0,  195.91, -552.46,  -43.10,    35.011,   80.0003,    48.500
 53520.6,  196.34, -326.21,  -53.67,    35.007,   79.9997,    48.500
 53522.3,  198.37, -163.39,  -67.79,    35.010,   79.9997,    48.500
 53524.0,  194.27, -374.62,  -48.14,    34.953,   79.9998,    48.500
 53525.7,  195.51, -421.25,  -56.02,    34.985,   80.0006,    48.500
 53527.4,  193.49, -263.63,  -48.97,    35.004,   80.0006,    48.500
 53529.1,  191.10, -544.80,  -37.85,    34.999,   80.0006,    48.500
 53532.2,  193.93, -475.11,  -53.53,    34.992,   80.0020,    48.500
 53533.8,  193.55, -126.73,  -44.57,    34.997,   80.0020,    48.500
 53535.4,  197.56, -461.07,  -64.60,    35.002,   80.0031,    48.500
 53537.1,  190.17, -755.90,  -33.98,    35.010,   80.0031,    48.500
 53538.8,  195.59, -251.69,  -59.40,    35.016,   80.0031,    48.500
 53540.4,  195.95, -309.11,  -57.70,    35.018,   80.0022,    48.500
 53542.2,  192.12, -367.34,  -32.66,    35.015,   80.0021,    48.500
 53543.9,  195.37, -510.67,  -63.82,    34.997,   80.0021,    48.500
 53545.6,  194.44, -469.06,  -43.55,    34.990,   80.0019,    48.500
