WISPER_raw_data/Raw_Data_Backup/WISPER_20160927_rawField.ict
40, 1001
David Noone
Oregon State University
Water Vapor Isotopic Analyzer (Picarro L2120i) - H2O concentration, D/H and 18O/16O isotope ratios (delta notation)
ORACLES
1, 1
2016, 09, 27, 2016, 09, 27
0
Start_UTC, seconds
6
1, 1, 1, 1, 1, 1
-9999, -9999, -9999, -9999, -9999, -9999
H2O_ppmv, ppmv
dD_permil, permil
d18O_permil, permil
pressure_cavity, torr
temp_cavity, degrees_celcius
temp_das, degrees_celcius
0
18
PI_CONTACT_INFO: Address: David Noone, CEOAS, Oregon State University, Corvallis OR 97331; email: nooned@oregonstate.edu
PLATFORM: NASA P3B (N426NA), sampling port side foward window from forward facing diffuser inlet
LOCATION: Aircraft location data decribed elsewhere
ASSOCIATED_DATA: see http://espoarchive.nasa.gov/archive/browse/oracles
INSTRUMENT_INFO: Water Vapor Isotopic Analyzer (Picarro L2120-i): cavity-ringdown tunable diode laser spectoscopy.
DATA_INFO: Units are ppmv for H2O and permil relative to SMOW for d18O and dD.
UNCERTAINTY: The absolute accuracy humidity dependent is in the range 1 % for H2O, 1 permil for dD and 0.5 permil for d18O.
ULOD_FLAG: -7777
ULOD_VALUE: N/A
LLOD_FLAG: -8888
LLOD_VALUE: N/A
DM_CONTACT_INFO: David Noone; Oregon State University; nooned@oregonstate.edu
PROJECT_INFO: ORACLES Mission August-October 2016; Southeast Atlantic/Walvis Bay, Namibia
STIPULATIONS_ON_USE: Until made public, only the ORACLES science team is allowed to use this data, per the ORACLES data protocol.
OTHER_COMMENTS: Data is uncalibrated, uncheck and not useful for science at this level
REVISION: RAW
RAW: Raw translation of Picarro output files to ICARTT format
Start_UTC, H2O_ppmv, dD_permil, d18O_permil, pressure_cavity, temp_cavity, temp_das
 37661.1,14379.48,  -69.04,   34.89,    35.004,   78.4023,    40.970
 37663.1,14389.33,   96.68,   -6.51,    35.018,   78.4092,    40.964
[from data line 7653]
 51080.1,  385.53, -381.13,  -58.40,    35.006,   80.0021,    48.312
 51081.9,  381.89, -376.69,  -50.91,    35.007,   80.0025,    48.312
 51083.7,  378.64, -359.24,  -44.08,    35.001,   80.0025,    48.343
 51085.4,  382.09, -490.20,  -52.35,    34.995,   80.0021,    48.350
 51087.1,  380.68, -525.08,  -51.62,    35.005,   80.0021,    48.375
 51088.8,  376.58, -532.09,  -44.06,    34.999,   80.0021,    48.329
 51090.6,  380.54, -378.97,  -55.04,    35.022,   80.0000,    48.365
 51092.3,  377.55, -487.13,  -49.13,    34.985,   79.9997,    48.351
 51094.0,  378.52, -327.98,  -51.19,    35.007,   79.9995,    48.375
 51095.7,  381.76, -372.81,  -58.52,    34.978,   79.9985,    48.344
 51097.4,  375.92, -358.40,  -43.17,    35.009,   79.9985,    48.348
 51099.1,  378.18, -516.93,  -48.01,    34.997,   79.9982,    48.356
 51100.9,  383.60, -367.43,  -56.49,    34.986,   79.9975,    48.375
 51104.0,  382.78, -295.15,  -54.09,    34.982,   79.9975,    48.375
 51105.8,  382.84, -338.43,  -51.73,    34.999,   79.9972,    48.375
 51107.6,  383.24, -366.24,  -52.72,    35.039,   79.9972,    48.375
 51109.4,  383.54, -335.69,  -49.37,    34.991,   79.9971,    48.341
 51111.1,  379.93, -416.21,  -44.96,    34.975,   79.9970,    48.328
 51112.8,  385.30, -264.25,  -56.94,    34.970,   79.9970,    48.353
 51114.4,  384.26, -380.00,  -49.53,    35.005,   79.9971,    48.329
 51116.1,  382.69, -313.97,  -45.23,    35.019,   79.9975,    48.336
 51117.9,  384.13, -530.82,  -52.80,    34.986,   79.9975,    48.366
 51119.5,  383.16, -196.77,  -48.88,    35.015,   79.9975,    48.363
 51121.2,  382.77, -458.45,  -50.10,    35.018,   79.9976,    48.340
 51122.8,  382.95, -400.24,  -55.76,    35.026,   79.9976,    48.369
 51124.5,  380.19, -235.81,  -48.46,    34.983,   79.9969,    48.354
 51126.1,  380.07, -499.22,  -50.09,    34.986,   79.9959,    48.355
 51127.8,  383.58, -446.70,  -59.43,    34.991,   79.9959,    48.375
 51129.5,  381.54, -252.84,  -52.80,    34.990,   79.9957,    48.375
 51131.1,  375.96, -525.77,  -44.04,    35.001,   79.9954,    48.375
 51132.8,  381.90, -272.79,  -59.03,    34.994,   79.9954,    48.375
 51135.9,  378.87, -325.37,  -51.14,    34.996,   79.9958,    48.375
 51137.6,  380.67, -339.24,  -60.16,    34.996,   79.9958,    48.375
 51139.3,  376.44, -437.37,  -47.03,    34.995,   79.9957,    48.375
 51141.1,  375.70, -464.62,  -51.09,    35.016,   79.9955,    48.375
 51142.8,  376.95, -409.93,  -49.83,    35.006,   79.9955,    48.375
 51144.5,  374.95, -339.53,  -46.46,    35.011,   79.9951,    48.375
 51146.3,  375.42, -401.91,  -49.45,    35.005,   79.9942,    48.375
 51147.9,  376.80, -321.70,  -51.41,    35.016,   79.9942,    48.375
 51149.6,  375.47, -326.58,  -49.84,    34.995,   79.9932,    48.375
 51151.4,  374.93, -556.37,  -47.92,    34.975,   79.9923,    48.375
 51153.0,  374.63, -260.69,  -48.13,    34.995,   79.9923,    48.375
 51154.7,  375.49, -370.24,  -53.11,    35.011,   79.9921,    48.365
 51156.4,  372.21, -576.36,  -46.48,    34.984,   79.9920,    48.331
 51158.2,  368.04, -407.99,  -42.69,    34.968,   79.9920,    48.312
 51159.9,  374.22, -344.08,  -58.12,    34.977,   79.9918,    48.342
 51161.6,  368.60, -469.74,  -47.01,    35.006,   79.9917,    48.337
 51163.2,  368.33, -200.42,  -47.15,    35.020,   79.9917,    48.312
 51164.8,  369.19, -419.38,  -56.93,    34.996,   79.9917,    48.312
 51167.9,  365.22, -384.01,  -50.60,    35.029,   79.9917,    48.312
 51169.6,  369.26, -372.89,  -59.98,    35.000,   79.9915,    48.317
 51171.2,  363.35, -370.10,  -44.34,    35.010,   79.9914,    48.349
 51172.9,  364.45, -374.09,  -55.24,    35.011,   79.9914,    48.347
 51174.5,  367.80, -345.66,  -62.69,    34.994,   79.9915,    48.319
 51176.2,  363.77, -292.31,  -48.61,    35.006,   79.9918,    48.331
 51178.0,  364.45, -411.38,  -52.60,    34.988,   79.9918,    48.312
 51179.6,  368.17, -175.06,  -57.92,    35.010,   79.9924,    48.330
 51181.3,  364.61, -550.11,  -47.17,    34.995,   79.9929,    48.312
 51183.0,  366.58, -315.87,  -51.11,    35.003,   79.9929,    48.312
 51184.7,  365.75, -515.25,  -49.02,    35.010,   79.9928,    48.312
 51186.4,  365.86, -389.74,  -45.85,    34.992,   79.9926,    48.312
 51188.0,  366.85, -316.85,  -48.87,    34.982,   79.9926,    48.312
 51189.7,  368.50, -396.41,  -51.40,    34.994,   79.9924,    48.312
 51191.4,  366.53, -327.64,  -46.14,    34.995,   79.9920,    48.312
 51193.1,  367.90, -443.14,  -48.66,    35.006,   79.9920,    48.312
 51194.8,  369.93, -402.73,  -53.59,    35.004,   79.9920,    48.312
 51196.5,  367.66, -390.53,  -48.50,    35.005,   79.9920,    48.312
 51199.6,  369.15, -358.42,  -47.33,    35.010,   79.9920,    48.312
 51201.4,  370.79, -275.35,  -55.46,    34.996,   79.9919,    48.312
 51203.1,  369.16, -450.58,  -47.86,    35.026,   79.9919,    48.312
 51204.8,  370.17, -443.66,  -52.92,    35.011,   79.9916,    48.312
 51206.5,  370.86, -379.99,  -56.30,    34.997,   79.9912,    48.312
 51208.2,  369.62, -316.46,  -50.10,    34.994,   79.9912,    48.312
 51209.9,  367.86, -486.04,  -50.81,    34.979,   79.9908,    48.312
 51211.6,  370.94, -208.43,  -57.42,    34.973,   79.9904,    48.312
 51213.5,  368.29, -329.61,  -48.89,    34.988,   79.9904,    48.312
 51215.3,  370.04, -281.23,  -58.55,    34.974,   79.9901,    48.312
 51216.9,  366.73, -270.14,  -52.22,    35.003,   79.9900,    48.312
 51218.6,  363.79, -373.73,  -46.42,    35.021,   79.9900,    48.312
 51220.3,  370.40, -332.48,  -59.99,    34.986,   79.9910,    48.312
 51222.0,  365.13, -381.81,  -45.13,    35.023,   79.9911,    48.312
 51223.7,  365.63, -434.12,  -49.91,    35.022,   79.9911,    48.312
 51225.4,  369.08, -436.07,  -57.18,    35.004,   79.9929,    48.312
 51227.0,  365.73, -354.51,  -45.72,    35.012,   79.9931,    48.312
 51228.7,  368.84, -488.96,  -53.93,    34.985,   79.9931,    48.312
 51231.7,  367.90, -409.68,  -46.75,    35.010,   79.9935,    48.312
 51233.4,  370.16, -295.44,  -55.86,    34.998,   79.9935,    48.312
 51235.0,  367.81, -381.34,  -49.92,    34.998,   79.9933,    48.312
 51236.7,  369.16, -335.32,  -53.24,    35.016,   79.9932,    48.312
 51238.3,  371.41, -437.18,  -57.79,    34.986,   79.9932,    48.312
 51240.0,  368.09, -318.31,  -49.06,    35.004,   79.9932,    48.312
 51241.8,  367.15, -361.26,  -49.99,    35.021,   79.9932,    48.312
 51243.5,  368.89, -346.48,  -51.04,    34.999,   79.9932,    48.312
 51245.2,  367.58, -264.36,  -44.99,    34.992,   79.9930,    48.312
 51246.9,  368.56, -443.09,  -51.64,    34.994,   79.9929,    48.312
 51248.6,  369.48, -224.37,  -50.23,    35.014,   79.9929,    48.312
 51250.3,  369.43, -441.23,  -51.28,    35.002,   79.9922,    48.312
 51252.2,  370.26, -505.06,  -54.37,    34.977,   79.9920,    48.312
 51253.9,  366.27, -547.61,  -41.89,    34.977,   79.9920,    48.312
 51255.5,  370.11, -388.67,  -53.48,    34.992,   79.9925,    48.312
 51257.2,  371.15, -421.61,  -50.61,    34.942,   79.9925,    48.312
 51258.8,  369.74, -295.55,  -49.20,    35.000,   79.9925,    48.312
 51260.4,  371.38, -403.67,  -57.86,    34.989,   79.9929,    48.312
 51263.4,  372.18, -307.08,  -59.33,    35.037,   79.9931,    48.294
 51265.1,  367.64, -463.46,  -47.91,    35.029,   79.9931,    48.312
 51266.7,  366.85, -390.03,  -49.39,    34.985,   79.9932,    48.312
 51268.3,  367.57, -244.78,  -49.96,    35.009,   79.9932,    48.312
 51270.0,  365.78, -365.65,  -42.36,    34.999,   79.9945,    48.312
 51271.7,  364.79, -367.47,  -46.32,    34.997,   79.9958,    48.312
 51273.4,  364.43, -323.03,  -44.90,    35.003,   79.9958,    48.312
 51275.0,  365.00, -357.19,  -51.17,    34.992,   79.9962,    48.312
 51276.7,  366.14, -302.01,  -55.68,    34.991,   79.9968,    48.312
 51278.4,  363.51, -379.88,  -46.40,    35.002,   79.9968,    48.312
 51280.1,  367.23, -411.04,  -53.29,    35.036,   79.9974,    48.334
 51281.8,  365.31, -273.93,  -50.78,    35.021,   79.9979,    48.312
 51283.5,  364.24, -350.47,  -48.73,    35.007,   79.9979,    48.312
 51285.2,  368.77, -441.19,  -56.30,    35.003,   79.9983,    48.312
 51286.9,  365.73, -448.05,  -46.40,    34.975,   79.9986,    48.312
 51288.5,  369.09, -265.28,  -51.38,    34.986,   79.9986,    48.312
 51290.2,  371.68, -437.15,  -58.39,    34.996,   79.9991,    48.312
 51291.8,  370.31, -306.80,  -48.67,    34.981,   79.9992,    48.312
 51294.9,  372.63, -208.10,  -51.80,    35.022,   79.9999,    48.312
 51296.5,  368.39, -403.82,  -44.46,    35.005,   80.0008,    48.312
 51298.3,  373.05, -478.68,  -52.11,    34.987,   80.0008,    48.312
 51299.9,  371.46, -321.74,  -46.67,    35.005,   80.0011,    48.312
 51301.7,  372.12, -359.00,  -49.11,    35.017,   80.0012,    48.312
 51303.4,  376.25, -386.84,  -59.33,    35.019,   80.0012,    48.312
 51305.1,  375.24, -329.67,  -48.93,    34.997,   80.0005,    48.333
 51306.7,  373.19, -418.83,  -46.00,    35.024,   80.0001,    48.312
 51308.4,  378.65, -357.84,  -57.66,    34.984,   80.0001,    48.312
 51310.1,  376.39, -345.62,  -49.47,    35.016,   79.9998,    48.326
 51311.8,  378.21, -297.60,  -53.06,    35.016,   79.9998,    48.320
 51313.5,  377.60, -317.26,  -52.66,    35.006,   79.9998,    48.312
 51315.1,  372.18, -391.08,  -40.08,    34.982,   79.9988,    48.312
 51316.8,  377.61, -460.36,  -53.78,    34.988,   79.9986,    48.312
 51318.5,  377.60, -382.32,  -53.12,    34.992,   79.9986,    48.312
 51320.3,  374.85, -387.19,  -47.22,    35.010,   79.9986,    48.312
 51322.0,  377.78, -387.87,  -51.48,    34.981,   79.9985,    48.332
 51323.7,  376.90, -389.82,  -48.62,    34.996,   79.9985,    48.314
 51326.8,  377.17, -359.11,  -48.54,    35.021,   79.9995,    48.312
 51328.5,  380.47, -396.21,  -53.97,    34.982,   79.9995,    48.312
 51330.2,  378.68, -361.65,  -53.01,    34.999,   79.9989,    48.312
 51331.9,  377.74, -282.31,  -47.39,    35.003,   79.9987,    48.312
 51333.6,  377.87, -538.24,  -51.85,    34.980,   79.9987,    48.314
 51335.2,  377.28, -354.16,  -53.79,    34.973,   79.9980,    48.356
 51336.9,  376.95, -280.28,  -51.82,    34.980,   79.9977,    48.375
 51338.5,  378.26, -377.63,  -56.89,    35.005,   79.9977,    48.354
 51340.1,  372.64, -329.37,  -43.43,    34.995,   79.9989,    48.358
 51341.8,  379.05, -316.46,  -59.27,    34.973,   79.9991,    48.324
 51343.4,  379.78, -264.79,  -59.25,    35.005,   79.9991,    48.354
 51345.1,  373.52, -335.42,  -46.23,    35.011,   79.9993,    48.343
 51346.9,  373.18, -444.13,  -51.19,    35.022,   79.9994,    48.375
 51348.6,  376.55, -567.10,  -54.11,    35.022,   79.9994,    48.349
 51350.2,  369.36, -527.18,  -40.15,    35.002,   80.0005,    48.359
 51351.9,  373.21, -389.23,  -50.98,    35.010,   80.0009,    48.360
 51353.6,  377.15, -397.86,  -57.71,    34.980,   80.0009,    48.351
 51355.3,  374.13, -291.42,  -49.24,    34.993,   80.0023,    48.352
 51358.4,  373.04, -423.52,  -49.20,    35.005,   80.0031,    48.333
 51360.0,  369.79, -485.63,  -45.98,    34.977,   80.0035,    48.355
 51361.7,  374.51, -369.96,  -53.68,    34.991,   80.0036,    48.375
 51363.5,  370.85, -440.14,  -45.40,    35.013,   80.0036,    48.321
 51365.2,  374.56, -384.41,  -53.02,    35.015,   80.0037,    48.342
 51367.0,  372.80, -388.10,  -50.12,    34.982,   80.0037,    48.342
 51368.7,  371.00, -403.69,  -46.56,    34.994,   80.0037,    48.375
 51370.4,  372.11, -399.92,  -52.95,    34.989,   80.0033,    48.353
 51372.0,  369.74, -357.79,  -46.01,    34.997,   80.0033,    48.344
 51373.8,  368.90, -578.21,  -46.18,    34.976,   80.0033,    48.375
 51375.4,  370.44, -314.70,  -51.28,    35.006,   80.0044,    48.375
 51377.2,  369.06, -414.60,  -46.48,    34.984,   80.0044,    48.375
 51379.0,  374.29, -265.90,  -60.38,    34.990,   80.0044,    48.375
 51380.6,  369.40, -439.88,  -47.53,    34.961,   80.0045,    48.375
 51382.3,  371.26, -246.86,  -55.86,    34.993,   80.0045,    48.339
 51384.0,  372.24, -392.54,  -55.30,    34.988,   80.0045,    48.375
 51385.7,  366.66, -300.29,  -39.80,    35.011,   80.0041,    48.341
 51387.3,  367.25, -571.33,  -47.25,    35.018,   80.0041,    48.312
 51390.4,  367.66, -310.94,  -46.65,    35.024,   80.0040,    48.375
 51392.1,  370.11, -359.99,  -56.91,    34.986,   80.0040,    48.375
 51393.8,  365.71, -326.33,  -46.26,    34.979,   80.0040,    48.375
 51395.5,  365.91, -281.11,  -51.85,    35.014,   80.0047,    48.375
 51397.2,  367.52, -386.48,  -54.92,    35.009,   80.0047,    48.375
 51398.8,  365.41, -230.11,  -48.06,    34.999,   80.0047,    48.375
 51400.5,  362.75, -297.62,  -42.74,    34.993,   80.0043,    48.340
 51402.2,  365.96, -507.37,  -52.21,    35.004,   80.0042,    48.375
 51403.9,  362.71, -336.71,  -45.65,    35.003,   80.0042,    48.375
 51405.6,  365.21, -367.60,  -51.21,    34.998,   80.0029,    48.350
 51407.3,  365.90, -302.70,  -51.45,    35.000,   80.0029,    48.342
 51408.9,  365.00, -278.44,  -48.06,    34.999,   80.0029,    48.326
 51410.6,  363.96, -394.54,  -43.52,    34.998,   80.0025,    48.330
 51412.3,  366.75, -410.69,  -51.17,    35.001,   80.0025,    48.352
 51414.0,  365.38, -379.75,  -45.90,    34.991,   80.0026,    48.358
 51415.7,  368.46, -397.32,  -54.81,    34.994,   80.0031,    48.375
 51417.4,  365.37, -367.52,  -47.20,    35.013,   80.0031,    48.375
 51419.0,  366.37, -294.95,  -49.18,    35.010,   80.0030,    48.375
 51422.1,  362.52, -310.35,  -46.92,    34.986,   80.0019,    48.375
 51423.8,  364.15, -446.44,  -53.86,    34.972,   80.0019,    48.357
 51425.6,  359.91, -322.78,  -42.87,    35.014,   80.0018,    48.360
 51427.3,  364.35, -251.18,  -53.97,    35.015,   80.0017,    48.358
 51429.0,  363.67, -461.94,  -53.13,    34.996,   80.0017,    48.375
 51430.7,  359.61, -508.70,  -42.57,    34.994,   80.0026,    48.348
 51432.4,  363.65, -371.60,  -50.40,    35.029,   80.0026,    48.335
 51434.1,  369.10, -310.53,  -61.10,    34.988,   80.0027,    48.375
 51435.7,  362.31, -209.08,  -41.59,    35.031,   80.0051,    48.359
 51437.4,  368.13, -385.00,  -56.51,    34.990,   80.0051,    48.344
 51439.0,  369.05, -376.90,  -51.42,    35.006,   80.0051,    48.334
 51440.6,  366.82, -271.13,  -48.75,    35.000,   80.0061,    48.326
 51442.2,  368.47, -565.35,  -54.18,    35.005,   80.0062,    48.375
 51443.8,  369.40, -337.03,  -50.60,    35.022,   80.0062,    48.337
 51445.6,  367.20, -306.85,  -49.91,    34.992,   80.0062,    48.312
 51447.4,  369.48, -400.86,  -53.42,    35.006,   80.0062,    48.312
 51449.1,  366.78, -294.46,  -42.49,    35.007,   80.0064,    48.312
 51450.8,  369.70, -478.35,  -52.42,    35.013,   80.0088,    48.320
 51453.9,  366.75, -218.52,  -46.30,    35.004,   80.0087,    48.312
 51455.6,  371.15, -297.50,  -56.84,    34.989,   80.0066,    48.341
 51457.3,  368.24, -308.45,  -49.79,    34.980,   80.0066,    48.375
 51459.1,  370.49, -396.72,  -52.49,    34.983,   80.0065,    48.361
 51460.9,  369.87, -374.18,  -51.30,    35.003,   80.0059,    48.340
 51462.6,  366.65, -298.22,  -47.52,    35.010,   80.0059,    48.349
 51464.3,  369.36, -250.64,  -53.79,    34.980,   80.0059,    48.350
 51466.0,  369.08, -450.10,  -52.49,    35.017,   80.0056,    48.329
 51467.7,  366.53, -377.88,  -46.46,    34.998,   80.0056,    48.314
 51469.3,  371.71, -280.46,  -56.60,    35.021,   80.0057,    48.366
 51471.1,  365.79, -383.59,  -48.08,    35.014,   80.0058,    48.359
 51472.8,  365.32, -319.79,  -47.35,    34.981,   80.0058,    48.375
 51474.5,  369.11, -205.49,  -58.83,    35.003,   80.0057,    48.353
 51476.2,  364.52, -464.55,  -49.65,    34.996,   80.0055,    48.375
 51477.9,  362.99, -230.71,  -47.47,    34.994,   80.0055,    48.375
 51479.7,  364.44, -317.96,  -55.00,    34.964,   80.0051,    48.375
 51481.3,  363.47, -296.44,  -51.91,    34.996,   80.0048,    48.375
 51482.9,  360.03, -388.76,  -42.14,    35.013,   80.0048,    48.375
 51486.0,  362.35, -284.03,  -48.47,    34.980,   80.0046,    48.375
 51487.7,  365.78, -308.43,  -54.70,    35.001,   80.0046,    48.351
