WISPER_raw_data/Raw_Data_Backup/WISPER_20160927_rawField.ict
40, 1001
David Noone
Oregon State University
Water Vapor Isotopic Analyzer (Picarro L2120i) - H2O concentration, D/H and 18O/16O isotope ratios (delta notation)
ORACLES
1, 1
2016, 09, 27, 2016, 09, 27
0
Start_UTC, seconds
6
1, 1, 1, 1, 1, 1
-9999, -9999, -9999, -9999, -9999, -9999
H2O_ppmv, ppmv
dD_permil, permil
d18O_permil, permil
pressure_cavity, torr
temp_cavity, degrees_celcius
temp_das, degrees_celcius
0
18
PI_CONTACT_INFO: Address: David Noone, CEOAS, Oregon State University, Corvallis OR 97331; email: nooned@oregonstate.edu
PLATFORM: NASA P3B (N426NA), sampling port side foward window from forward facing diffuser inlet
LOCATION: Aircraft location data decribed elsewhere
ASSOCIATED_DATA: see http://espoarchive.nasa.gov/archive/browse/oracles
INSTRUMENT_INFO: Water Vapor Isotopic Analyzer (Picarro L2120-i): cavity-ringdown tunable diode laser spectoscopy.
DATA_INFO: Units are ppmv for H2O and permil relative to SMOW for d18O and dD.
UNCERTAINTY: The absolute accuracy humidity dependent is in the range 1 % for H2O, 1 permil for dD and 0.5 permil for d18O.
ULOD_FLAG: -7777
ULOD_VALUE: N/A
LLOD_FLAG: -8888
LLOD_VALUE: N/A
DM_CONTACT_INFO: David Noone; Oregon State University; nooned@oregonstate.edu
PROJECT_INFO: ORACLES Mission August-October 2016; Southeast Atlantic/Walvis Bay, Namibia
STIPULATIONS_ON_USE: Until made public, only the ORACLES science team is allowed to use this data, per the ORACLES data protocol.
OTHER_COMMENTS: Data is uncalibrated, uncheck and not useful for science at this level
REVISION: RAW
RAW: Raw translation of Picarro output files to ICARTT format
Start_UTC, H2O_ppmv, dD_permil, d18O_permil, pressure_cavity, temp_cavity, temp_das
 37661.1,14379.48,  -69.04,   34.89,    35.004,   78.4023,    40.970
 37663.1,14389.33,   96.68,   -6.51,    35.018,   78.4092,    40.964
[from data line 16001]
 65906.4,  714.55, -328.93,  -48.82,    35.007,   80.0009,    49.062
 65908.1,  716.22, -403.96,  -50.69,    34.984,   80.0009,    49.062
 65909.9,  715.52, -394.00,  -47.98,    34.977,   80.0009,    49.062
 65911.7,  722.72, -328.14,  -53.83,    35.002,   80.0008,    49.062
 65913.3,  718.52, -373.28,  -46.97,    34.988,   80.0008,    49.062
 65915.0,  723.91, -403.99,  -52.34,    35.011,   80.0007,    49.100
 65916.9,  722.64, -340.76,  -48.86,    35.007,   80.0007,    49.091
 65918.7,  725.73, -372.62,  -53.46,    35.016,   80.0007,    49.070
 65920.3,  717.59, -409.73,  -46.23,    34.988,   80.0014,    49.084
 65922.0,  724.53, -429.67,  -54.85,    34.990,   80.0014,    49.084
 65923.7,  720.31, -309.53,  -49.13,    34.978,   80.0014,    49.113
 65925.5,  722.70, -414.48,  -52.95,    35.003,   80.0025,    49.107
 65927.1,  717.73, -425.22,  -47.72,    35.026,   80.0026,    49.125
 65928.9,  717.78, -372.56,  -52.33,    35.009,   80.0026,    49.125
 65930.6,  713.99, -322.09,  -53.19,    34.960,   80.0045,    49.125
 65932.3,  712.16, -390.50,  -50.20,    34.987,   80.0048,    49.125
 65934.0,  711.32, -360.05,  -52.38,    35.023,   80.0048,    49.125
 65937.0,  705.17, -404.28,  -48.38,    35.015,   80.0053,    49.125
 65938.7,  706.47, -427.61,  -53.02,    35.006,   80.0053,    49.125
 65940.3,  702.67, -372.81,  -51.27,    35.028,   80.0047,    49.125
 65941.9,  702.25, -353.55,  -51.78,    35.030,   80.0046,    49.125
 65943.5,  698.15, -334.93,  -51.58,    35.030,   80.0046,    49.125
 65945.0,  697.64, -365.95,  -52.08,    35.013,   80.0044,    49.125
 65946.6,  698.74, -259.87,  -58.59,    34.984,   80.0040,    49.125
 65948.1,  695.22, -488.79,  -51.84,    35.013,   80.0040,    49.125
 65949.7,  699.39, -346.54,  -60.59,    35.028,   80.0032,    49.145
 65951.2,  693.82, -375.46,  -55.62,    35.010,   80.0026,    49.125
 65952.8,  687.40, -405.06,  -53.57,    35.029,   80.0026,    49.125
 65954.3,  682.50, -290.71,  -56.43,    34.997,   80.0025,    49.125
 65955.8,  676.47, -371.35,  -56.89,    34.991,   80.0017,    49.120
 65957.3,  671.57, -295.73,  -56.22,    35.033,   80.0017,    49.105
 65958.9,  666.05, -380.54,  -56.02,    34.988,   80.0016,    49.062
 65960.4,  662.71, -310.07,  -53.38,    34.984,   79.9998,    49.062
 65962.0,  664.86, -302.11,  -59.23,    35.011,   79.9998,    49.062
 65963.5,  663.43, -377.78,  -57.39,    35.008,   79.9998,    49.062
 65966.4,  662.81, -290.34,  -54.17,    34.999,   79.9979,    49.062
 65968.0,  664.97, -294.11,  -57.05,    34.990,   79.9979,    49.062
 65969.5,  662.64, -364.10,  -54.62,    35.025,   79.9977,    49.062
 65971.0,  662.09, -312.81,  -57.85,    35.029,   79.9972,    49.062
 65972.6,  654.15, -391.93,  -52.63,    35.010,   79.9972,    49.062
 65974.1,  649.78, -316.21,  -53.57,    35.006,   79.9974,    49.062
 65975.6,  639.36, -383.54,  -55.17,    35.013,   79.9984,    49.062
 65977.1,  624.44, -393.90,  -51.45,    34.986,   79.9984,    49.062
 65978.7,  603.82, -300.66,  -53.50,    35.032,   79.9984,    49.062
 65980.2,  580.47, -297.48,  -54.82,    35.028,   79.9986,    49.062
 65981.7,  552.73, -307.79,  -49.96,    35.019,   79.9987,    49.062
 65983.2,  528.10, -310.59,  -53.10,    35.023,   79.9987,    49.062
 65984.7,  503.60, -270.41,  -52.43,    35.009,   80.0004,    49.062
 65986.2,  480.70, -261.69,  -54.00,    35.024,   80.0017,    49.062
 65987.7,  459.43, -170.13,  -54.03,    35.054,   80.0017,    49.062
 65989.3,  437.84, -270.80,  -54.31,    35.015,   80.0019,    49.062
 65990.8,  419.20, -327.99,  -50.60,    35.000,   80.0031,    49.062
 65992.3,  400.53, -374.35,  -48.77,    35.030,   80.0031,    49.062
 65995.2,  373.05, -278.40,  -50.82,    35.022,   80.0029,    49.062
 65996.8,  361.21, -344.89,  -47.44,    35.009,   80.0029,    49.062
 65998.3,  354.15, -205.25,  -47.19,    35.022,   80.0029,    49.062
 65999.8,  344.08, -285.29,  -45.50,    35.031,   80.0035,    49.062
 66001.3,  335.30, -290.24,  -47.35,    35.012,   80.0038,    49.062
 66002.8,  329.33, -120.25,  -50.82,    34.977,   80.0038,    49.062
 66004.4,  321.43, -348.19,  -43.21,    35.005,   80.0037,    49.062
 66005.9,  316.84, -386.72,  -47.81,    34.986,   80.0033,    49.062
 66007.4,  312.05, -327.65,  -47.26,    35.023,   80.0033,    49.084
 66008.9,  307.57, -387.50,  -47.66,    35.012,   80.0033,    49.062
 66010.4,  301.65, -368.02,  -49.08,    34.989,   80.0042,    49.062
 66012.0,  297.69, -350.86,  -43.57,    35.037,   80.0042,    49.062
 66013.5,  295.45, -167.48,  -53.40,    35.031,   80.0042,    49.062
 66015.0,  290.35, -203.46,  -45.04,    35.003,   80.0023,    49.062
 66016.5,  291.33, -154.98,  -60.29,    34.996,   80.0012,    49.062
 66018.1,  287.77, -362.97,  -44.21,    34.999,   80.0012,    49.062
 66019.6,  293.50, -227.10,  -50.36,    34.987,   80.0009,    49.062
 66021.1,  302.07, -126.76,  -50.76,    35.019,   80.0006,    49.062
 66024.0,  323.35, -183.55,  -40.59,    34.998,   80.0006,    49.062
 66025.5,  339.51, -302.79,  -47.37,    35.004,   80.0017,    49.076
 66027.0,  354.54, -309.61,  -49.18,    34.991,   80.0018,    49.091
 66028.5,  369.83, -315.66,  -52.36,    35.001,   80.0018,    49.062
 66030.1,  382.84, -318.77,  -50.57,    34.974,   80.0017,    49.062
 66031.6,  396.94, -260.15,  -46.89,    35.009,   80.0017,    49.080
 66033.1,  406.91, -351.20,  -43.70,    35.024,   80.0017,    49.062
 66034.6,  415.71, -191.03,  -51.70,    35.022,   80.0010,    49.062
 66036.2,  422.10, -273.94,  -50.33,    35.016,   80.0004,    49.062
 66037.7,  428.68, -328.05,  -48.02,    35.013,   80.0004,    49.070
 66039.2,  434.48, -370.24,  -49.68,    35.005,   80.0005,    49.083
 66040.7,  439.29, -333.98,  -45.32,    35.009,   80.0014,    49.120
 66042.3,  443.18, -274.33,  -49.17,    35.008,   80.0014,    49.108
 66043.8,  446.63, -415.02,  -47.43,    35.012,   80.0014,    49.103
 66045.3,  453.47,  -97.35,  -54.47,    35.037,   80.0007,    49.125
 66046.8,  455.45, -294.17,  -52.50,    35.015,   80.0007,    49.125
 66048.4,  459.25, -233.96,  -53.09,    34.992,   80.0007,    49.125
 66049.9,  461.05, -264.50,  -49.27,    35.030,   80.0009,    49.125
 66052.8,  458.70, -449.75,  -48.26,    34.982,   80.0010,    49.125
 66054.3,  459.67, -306.94,  -50.59,    35.021,   80.0004,    49.125
 66055.9,  458.21, -267.47,  -48.77,    35.011,   79.9996,    49.125
 66057.4,  455.58, -356.45,  -52.80,    35.040,   79.9996,    49.125
 66058.9,  454.62, -295.46,  -49.59,    34.997,   79.9996,    49.125
 66060.4,  453.10, -298.10,  -55.14,    35.010,   79.9991,    49.103
 66062.0,  450.80, -276.29,  -48.75,    35.018,   79.9989,    49.125
 66063.5,  449.90, -293.15,  -54.11,    35.004,   79.9989,    49.101
 66065.0,  448.67, -371.71,  -52.36,    35.029,   79.9985,    49.085
 66066.5,  446.92, -418.56,  -54.35,    35.004,   79.9983,    49.104
 66068.0,  447.61, -207.25,  -56.48,    34.998,   79.9983,    49.125
 66069.5,  443.65, -253.62,  -46.50,    35.024,   79.9984,    49.125
 66071.1,  443.35, -417.95,  -47.13,    35.008,   79.9985,    49.121
 66072.6,  443.07, -375.63,  -49.83,    35.017,   79.9985,    49.069
 66074.1,  444.87, -388.18,  -51.23,    35.047,   79.9985,    49.074
 66075.6,  448.47, -301.90,  -49.19,    35.002,   79.9983,    49.103
 66077.2,  460.80, -266.01,  -49.13,    34.996,   79.9983,    49.114
 66078.7,  485.17, -437.38,  -52.69,    35.038,   79.9983,    49.062
 66081.6,  573.93, -356.56,  -53.42,    35.012,   79.9991,    49.104
 66083.1,  644.12, -310.54,  -53.66,    35.028,   79.9991,    49.125
 66084.7,  730.02, -378.33,  -48.05,    35.012,   79.9990,    49.125
 66086.4,  836.44, -315.67,  -47.11,    35.005,   79.9988,    49.125
 66087.9,  960.66, -365.59,  -47.72,    35.035,   79.9988,    49.125
 66089.5, 1111.26, -359.92,  -55.86,    35.015,   79.9989,    49.125
 66091.3, 1295.03, -368.99,  -48.08,    35.014,   79.9991,    49.125
 66093.0, 1507.16, -358.04,  -43.39,    35.024,   79.9991,    49.125
 66094.6, 1731.17, -365.47,  -42.06,    35.060,   79.9989,    49.125
 66096.4, 1983.30, -334.42,  -39.95,    35.021,   79.9982,    49.125
 66098.2, 2262.33, -294.70,  -37.21,    35.015,   79.9982,    49.125
 66099.9, 2555.22, -277.51,  -35.69,    35.008,   79.9988,    49.125
 66101.6, 2856.80, -273.73,  -33.75,    35.029,   79.9995,    49.125
 66103.3, 3153.49, -253.97,  -25.92,    35.010,   79.9995,    49.125
 66105.0, 3443.29, -243.62,  -27.18,    35.011,   79.9985,    49.125
 66106.8, 3712.66, -218.49,  -27.18,    35.024,   79.9980,    49.125
 66108.6, 3947.71, -218.94,  -23.76,    35.007,   79.9980,    49.125
 66110.4, 4144.40, -197.34,  -22.16,    35.008,   79.9964,    49.125
 66113.4, 4403.51, -188.45,  -22.01,    35.019,   79.9960,    49.125
 66115.2, 4508.08, -169.65,  -20.83,    34.997,   79.9960,    49.125
 66116.9, 4586.20, -170.38,  -20.90,    34.985,   79.9961,    49.121
 66118.6, 4641.92, -158.08,  -20.71,    34.997,   79.9959,    49.108
 66120.3, 4684.11, -155.16,  -19.57,    35.016,   79.9941,    49.125
 66121.9, 4702.47, -157.08,  -19.12,    35.023,   79.9941,    49.125
 66123.5, 4702.18, -143.01,  -19.16,    35.006,   79.9941,    49.125
 66125.1, 4689.99, -150.68,  -18.92,    35.026,   79.9933,    49.125
 66126.7, 4665.25, -144.15,  -18.95,    35.021,   79.9928,    49.125
 66128.3, 4633.27, -144.68,  -19.52,    35.009,   79.9928,    49.125
 66130.0, 4589.20, -132.76,  -18.76,    34.993,   79.9934,    49.125
 66131.7, 4533.15, -141.79,  -18.32,    35.008,   79.9941,    49.125
 66133.4, 4481.71, -141.39,  -20.21,    35.002,   79.9941,    49.125
 66135.1, 4426.20, -144.29,  -19.19,    34.985,   79.9938,    49.125
 66136.9, 4406.21, -132.50,  -20.06,    35.031,   79.9936,    49.125
 66138.6, 4412.94, -123.65,  -19.01,    35.003,   79.9936,    49.125
 66140.4, 4459.05, -138.78,  -19.33,    35.002,   79.9945,    49.125
 66142.1, 4524.79, -134.91,  -18.70,    35.007,   79.9949,    49.125
 66145.2, 4640.69, -121.14,  -19.17,    35.005,   79.9954,    49.125
 66147.0, 4695.83, -122.91,  -18.97,    35.012,   79.9955,    49.125
 66148.8, 4749.41, -135.21,  -18.65,    35.002,   79.9958,    49.125
 66150.5, 4796.83, -120.48,  -18.90,    34.983,   79.9969,    49.125
 66152.1, 4845.59, -131.62,  -20.06,    35.032,   79.9969,    49.125
 66153.7, 4881.26, -127.40,  -18.79,    35.012,   79.9969,    49.125
 66155.3, 4910.90, -108.65,  -20.49,    34.985,   79.9970,    49.125
 66156.9, 4932.57, -119.52,  -17.83,    35.031,   79.9970,    49.125
 66158.4, 4947.00, -113.66,  -18.01,    35.040,   79.9970,    49.125
 66160.1, 4949.23, -122.20,  -19.09,    35.001,   79.9975,    49.125
 66161.8, 4934.97, -115.97,  -19.41,    35.011,   79.9978,    49.125
 66163.5, 4880.79, -122.11,  -19.38,    35.018,   79.9978,    49.125
 66165.3, 4781.62, -123.18,  -20.01,    35.012,   79.9981,    49.125
 66167.1, 4661.98, -130.14,  -19.04,    35.012,   79.9985,    49.125
 66168.8, 4554.10, -114.11,  -19.48,    35.005,   79.9984,    49.125
 66170.5, 4458.06, -126.09,  -20.00,    34.999,   79.9965,    49.125
 66172.3, 4394.37, -130.09,  -20.53,    35.011,   79.9965,    49.125
 66174.0, 4349.10, -130.55,  -19.97,    35.020,   79.9965,    49.125
 66177.1, 4316.14, -117.46,  -21.46,    34.994,   79.9956,    49.125
 66178.8, 4332.71, -135.72,  -20.21,    35.014,   79.9956,    49.125
 66180.5, 4374.42, -134.87,  -20.53,    35.011,   79.9948,    49.125
 66182.0, 4435.04, -130.34,  -20.76,    34.997,   79.9948,    49.125
 66183.7, 4504.45, -134.00,  -21.12,    35.017,   79.9948,    49.125
 66185.5, 4576.51, -119.83,  -20.19,    35.019,   79.9942,    49.125
 66187.3, 4635.27, -141.60,  -19.81,    35.004,   79.9942,    49.125
 66189.0, 4686.07, -141.94,  -20.39,    35.028,   79.9942,    49.119
 66190.7, 4739.08, -137.76,  -19.15,    35.022,   79.9941,    49.110
 66192.4, 4808.08, -127.89,  -21.11,    34.968,   79.9941,    49.125
 66194.0, 4893.30, -116.58,  -19.78,    35.010,   79.9941,    49.125
 66195.5, 4987.98, -118.65,  -19.99,    35.030,   79.9941,    49.125
 66197.1, 5086.47, -110.50,  -18.51,    35.032,   79.9941,    49.125
 66198.6, 5180.78, -107.93,  -18.23,    35.014,   79.9941,    49.125
 66200.1, 5268.10, -101.53,  -18.82,    34.967,   79.9940,    49.125
 66201.7, 5341.71, -113.63,  -18.33,    34.970,   79.9939,    49.125
 66203.2, 5404.31, -105.59,  -18.29,    35.018,   79.9939,    49.125
 66204.8, 5451.59,  -98.15,  -18.88,    35.008,   79.9938,    49.104
 66207.8, 5488.03, -112.26,  -17.87,    35.024,   79.9935,    49.125
 66209.4, 5495.66, -105.22,  -18.39,    35.020,   79.9940,    49.125
 66211.0, 5494.01, -106.13,  -17.82,    35.005,   79.9954,    49.125
 66212.5, 5491.52,  -96.70,  -18.16,    35.006,   79.9954,    49.125
 66214.1, 5484.93, -117.88,  -17.69,    35.009,   79.9954,    49.125
 66215.8, 5483.47, -110.75,  -17.80,    35.010,   79.9963,    49.107
 66217.5, 5476.20, -110.32,  -18.64,    35.024,   79.9963,    49.125
 66219.3, 5460.84, -120.74,  -18.05,    35.008,   79.9963,    49.107
 66221.0, 5449.60, -109.17,  -18.34,    35.011,   79.9970,    49.092
 66222.8, 5431.76, -103.52,  -18.71,    35.000,   79.9970,    49.095
 66224.6, 5408.48, -107.85,  -17.70,    34.984,   79.9977,    49.101
 66226.3, 5382.16, -104.90,  -17.84,    35.010,   79.9988,    49.094
 66228.0, 5342.64,  -99.39,  -18.22,    35.019,   79.9988,    49.125
 66229.6, 5294.46, -111.54,  -18.08,    35.025,   79.9985,    49.125
 66231.3, 5223.66,  -98.35,  -19.29,    35.014,   79.9974,    49.125
 66233.0, 5145.72, -106.38,  -18.50,    35.018,   79.9974,    49.068
 66234.7, 5069.20, -109.53,  -17.94,    34.994,   79.9968,    49.062
 66236.4, 5006.21, -116.73,  -18.87,    35.011,   79.9960,    49.062
 66239.5, 4888.17, -105.50,  -18.28,    35.014,   79.9958,    49.102
 66241.1, 4836.05, -117.97,  -19.61,    35.006,   79.9948,    49.062
 66242.7, 4785.46,  -98.87,  -19.40,    34.987,   79.9948,    49.062
 66244.3, 4731.41, -119.45,  -19.03,    34.995,   79.9948,    49.062
 66245.9, 4675.00, -102.13,  -19.59,    34.993,   79.9941,    49.062
 66247.4, 4608.74, -117.20,  -18.23,    35.015,   79.9941,    49.062
 66248.9, 4542.65,  -97.40,  -19.13,    35.013,   79.9941,    49.062
 66250.5, 4465.01,  -93.21,  -18.36,    35.017,   79.9931,    49.083
 66252.1, 4387.97, -103.92,  -18.46,    35.017,   79.9930,    49.062
 66253.8, 4321.68, -121.51,  -20.34,    35.012,   79.9930,    49.062
 66255.4, 4287.55, -110.41,  -21.72,    34.984,   79.9928,    49.084
 66256.9, 4297.14, -104.86,  -20.56,    35.003,   79.9928,    49.062
 66258.4, 4334.77, -116.93,  -19.99,    35.006,   79.9928,    49.062
 66260.1, 4401.34,  -96.20,  -22.32,    35.007,   79.9928,    49.062
 66261.8, 4487.89, -117.15,  -19.70,    35.018,   79.9929,    49.062
 66263.4, 4619.51, -119.47,  -22.31,    35.024,   79.9929,    49.062
 66265.0, 4802.82, -120.01,  -20.11,    35.017,   79.9929,    49.062
 66266.6, 5033.31, -115.65,  -20.91,    35.010,   79.9929,    49.062
 66269.7, 5537.49, -118.53,  -19.76,    35.003,   79.9932,    49.062
 66271.5, 5829.02, -121.83,  -19.76,    35.006,   79.9934,    49.062
 66273.3, 6105.96, -114.54,  -20.06,    35.021,   79.9934,    49.062
 66275.0, 6365.58, -115.61,  -19.26,    35.016,   79.9935,    49.062
 66276.8, 6611.77, -113.27,  -19.00,    34.991,   79.9935,    49.062
 66278.5, 6837.66, -119.68,  -18.58,    34.999,   79.9935,    49.062
 66280.3, 7041.54,  -95.46,  -19.86,    35.005,   79.9927,    49.062
 66282.0, 7218.20, -112.92,  -18.71,    35.014,   79.9924,    49.062
 66283.7, 7374.12, -103.43,  -18.62,    35.004,   79.9924,    49.062
 66285.5, 7503.33, -102.66,  -17.42,    35.006,   79.9932,    49.062
 66287.3, 7611.18, -108.15,  -17.77,    35.023,   79.9932,    49.062
 66289.0, 7714.29,  -94.76,  -17.67,    34.983,   79.9932,    49.062
 66290.8, 7859.55,  -95.97,  -17.83,    34.999,   79.9941,    49.062
 66292.5, 8080.62,  -98.35,  -17.39,    35.018,   79.9941,    49.062
 66294.2, 8345.96,  -93.42,  -16.12,    35.021,   79.9941,    49.062
