WISPER_raw_data/Raw_Data_Backup/WISPER_20160927_rawField.ict
40, 1001
David Noone
Oregon State University
Water Vapor Isotopic Analyzer (Picarro L2120i) - H2O concentration, D/H and 18O/16O isotope ratios (delta notation)
ORACLES
1, 1
2016, 09, 27, 2016, 09, 27
0
Start_UTC, seconds
6
1, 1, 1, 1, 1, 1
-9999, -9999, -9999, -9999, -9999, -9999
H2O_ppmv, ppmv
dD_permil, permil
d18O_permil, permil
pressure_cavity, torr
temp_cavity, degrees_celcius
temp_das, degrees_celcius
0
18
PI_CONTACT_INFO: Address: David Noone, CEOAS, Oregon State University, Corvallis OR 97331; email: nooned@oregonstate.edu
PLATFORM: NASA P3B (N426NA), sampling port side foward window from forward facing diffuser inlet
LOCATION: Aircraft location data decribed elsewhere
ASSOCIATED_DATA: see http://espoarchive.nasa.gov/archive/browse/oracles
INSTRUMENT_INFO: Water Vapor Isotopic Analyzer (Picarro L2120-i): cavity-ringdown tunable diode laser spectoscopy.
DATA_INFO: Units are ppmv for H2O and permil relative to SMOW for d18O and dD.
UNCERTAINTY: The absolute accuracy humidity dependent is in the range 1 % for H2O, 1 permil for dD and 0.5 permil for d18O.
ULOD_FLAG: -7777
ULOD_VALUE: N/A
LLOD_FLAG: -8888
LLOD_VALUE: N/A
DM_CONTACT_INFO: David Noone; Oregon State University; nooned@oregonstate.edu
PROJECT_INFO: ORACLES Mission August-October 2016; Southeast Atlantic/Walvis Bay, Namibia
STIPULATIONS_ON_USE: Until made public, only the ORACLES science team is allowed to use this data, per the ORACLES data protocol.
OTHER_COMMENTS: Data is uncalibrated, uncheck and not useful for science at this level
REVISION: RAW
RAW: Raw translation of Picarro output files to ICARTT format
Start_UTC, H2O_ppmv, dD_permil, d18O_permil, pressure_cavity, temp_cavity, temp_das
 37661.1,14379.48,  -69.04,   34.89,    35.004,   78.4023,    40.970
 37663.1,14389.33,   96.68,   -6.51,    35.018,   78.4092,    40.964
[from data line 12986]
 60547.8, 5793.26, -108.46,  -17.61,    35.006,   80.0012,    49.188
 60549.5, 5800.86, -103.48,  -18.01,    35.023,   80.0011,    49.188
 60551.1, 5804.35,  -99.81,  -17.77,    35.010,   80.0009,    49.226
 60552.8, 5809.34, -104.12,  -17.73,    34.998,   80.0009,    49.191
 60554.5, 5816.47, -109.51,  -17.31,    35.006,   80.0009,    49.188
 60556.2, 5824.33, -100.22,  -17.39,    35.002,   80.0008,    49.188
 60557.9, 5836.67,  -96.89,  -18.18,    35.012,   80.0008,    49.188
 60559.6, 5836.26, -103.44,  -17.41,    34.993,   79.9994,    49.188
 60562.7, 5848.93,  -98.80,  -17.56,    35.006,   79.9983,    49.188
 60564.4, 5857.12, -107.93,  -16.87,    35.011,   79.9983,    49.188
 60566.1, 5864.27, -111.47,  -17.67,    35.027,   79.9983,    49.188
 60567.8, 5868.46,  -98.13,  -17.92,    35.005,   79.9983,    49.188
 60569.5, 5875.88, -107.31,  -17.27,    35.012,   79.9980,    49.188
 60571.1, 5891.08,  -99.91,  -18.17,    35.014,   79.9966,    49.188
 60572.8, 5892.84, -100.40,  -17.28,    35.007,   79.9966,    49.188
 60574.5, 5903.39, -100.99,  -17.37,    35.002,   79.9968,    49.188
 60576.3, 5912.45, -104.44,  -17.59,    34.983,   79.9973,    49.188
 60578.0, 5920.95, -106.35,  -17.24,    34.980,   79.9973,    49.188
 60579.7, 5931.46, -114.33,  -17.78,    34.996,   79.9972,    49.188
 60581.4, 5944.39,  -99.78,  -17.94,    34.995,   79.9971,    49.188
 60583.0, 5953.89, -111.54,  -17.31,    35.003,   79.9971,    49.169
 60584.7, 5967.27, -104.28,  -17.41,    35.007,   79.9967,    49.188
 60586.4, 5985.73,  -87.66,  -18.06,    34.997,   79.9960,    49.188
 60588.2, 6000.32, -111.69,  -17.55,    35.012,   79.9960,    49.188
 60590.0, 6024.44, -100.65,  -17.50,    34.995,   79.9951,    49.188
 60591.8, 6050.69, -105.03,  -17.25,    35.018,   79.9945,    49.165
 60594.9, 6102.66, -104.76,  -17.59,    35.001,   79.9948,    49.188
 60596.6, 6131.51, -103.10,  -17.56,    35.004,   79.9949,    49.174
 60598.4, 6155.14, -108.18,  -17.37,    35.014,   79.9949,    49.179
 60600.2, 6176.47, -102.92,  -17.70,    35.001,   79.9946,    49.188
 60601.9, 6191.87, -107.55,  -17.29,    35.003,   79.9944,    49.188
 60603.5, 6201.04, -100.02,  -17.53,    34.993,   79.9944,    49.171
 60605.2, 6203.70,  -96.78,  -17.50,    35.023,   79.9942,    49.183
 60606.9, 6196.41, -110.85,  -17.92,    35.017,   79.9940,    49.188
 60608.6, 6196.91, -102.25,  -17.49,    34.996,   79.9939,    49.171
 60610.4, 6213.88, -107.30,  -17.24,    34.986,   79.9932,    49.188
 60612.1, 6247.90, -108.02,  -16.83,    35.010,   79.9932,    49.188
 60613.8, 6276.49, -101.43,  -17.28,    35.000,   79.9932,    49.175
 60615.5, 6306.58, -103.27,  -17.63,    35.013,   79.9945,    49.125
 60617.2, 6324.25, -107.85,  -17.46,    34.991,   79.9947,    49.156
 60618.9, 6347.77, -104.60,  -17.24,    35.026,   79.9947,    49.125
 60620.7, 6367.58,  -98.15,  -17.35,    35.025,   79.9949,    49.180
 60622.5, 6385.89, -100.74,  -17.41,    35.031,   79.9950,    49.139
 60624.2, 6400.86, -106.68,  -17.48,    35.026,   79.9947,    49.125
 60627.3, 6439.31, -109.90,  -16.53,    34.997,   79.9942,    49.188
 60629.0, 6475.85, -103.86,  -17.20,    34.997,   79.9942,    49.170
 60630.8, 6527.24, -102.43,  -17.14,    35.009,   79.9946,    49.188
 60632.5, 6577.50, -102.62,  -16.64,    34.992,   79.9946,    49.188
 60634.2, 6621.13, -105.74,  -16.81,    35.006,   79.9946,    49.188
 60635.8, 6663.88,  -97.32,  -16.80,    35.027,   79.9952,    49.181
 60637.5, 6692.44,  -95.21,  -17.12,    35.012,   79.9953,    49.188
 60639.3, 6716.11,  -98.45,  -17.17,    35.015,   79.9955,    49.188
 60641.0, 6717.94,  -96.60,  -17.27,    35.004,   79.9960,    49.163
 60642.6, 6700.55, -101.20,  -16.81,    34.993,   79.9960,    49.166
 60644.3, 6658.29, -101.72,  -16.86,    35.003,   79.9959,    49.188
 60646.0, 6605.21,  -97.98,  -17.22,    35.003,   79.9954,    49.188
 60647.6, 6550.89,  -90.53,  -17.33,    35.013,   79.9954,    49.187
 60649.3, 6486.73,  -97.29,  -17.26,    34.998,   79.9954,    49.125
 60651.0, 6426.08, -107.49,  -16.54,    35.008,   79.9953,    49.136
 60652.8, 6371.92, -111.34,  -17.48,    35.021,   79.9953,    49.156
 60654.5, 6303.29,  -99.45,  -17.20,    35.018,   79.9949,    49.125
 60656.1, 6233.79,  -96.06,  -17.67,    35.009,   79.9942,    49.125
 60659.2, 6114.05, -107.24,  -18.46,    35.013,   79.9942,    49.188
 60660.9, 6062.24, -103.78,  -18.43,    34.978,   79.9939,    49.188
 60662.5, 6024.22,  -91.19,  -18.86,    34.989,   79.9939,    49.188
 60664.1, 5988.59,  -99.88,  -18.43,    34.995,   79.9939,    49.188
 60665.7, 5961.20, -105.18,  -18.51,    34.987,   79.9931,    49.167
 60667.4, 5940.04, -104.24,  -18.56,    34.991,   79.9931,    49.188
 60669.3, 5917.06, -103.78,  -17.66,    35.004,   79.9932,    49.175
 60671.1, 5900.36, -108.19,  -17.95,    35.021,   79.9935,    49.169
 60672.9, 5879.61, -111.95,  -18.84,    34.984,   79.9935,    49.167
 60674.6, 5867.09, -111.09,  -18.10,    35.009,   79.9927,    49.151
 60676.3, 5850.63, -104.59,  -17.79,    35.005,   79.9910,    49.125
 60678.1, 5829.15, -114.09,  -18.45,    35.013,   79.9910,    49.125
 60679.8, 5795.06, -110.18,  -18.35,    35.023,   79.9914,    49.125
 60681.5, 5746.46, -110.85,  -17.68,    35.008,   79.9922,    49.125
 60683.3, 5703.14, -114.48,  -19.01,    34.995,   79.9922,    49.140
 60685.1, 5657.82, -106.46,  -18.44,    35.014,   79.9918,    49.125
 60686.8, 5613.94, -114.76,  -17.92,    35.009,   79.9915,    49.125
 60688.5, 5577.31, -103.84,  -18.14,    35.015,   79.9915,    49.125
 60691.7, 5507.36, -106.37,  -18.66,    35.010,   79.9914,    49.125
 60693.4, 5465.59, -104.09,  -18.44,    35.001,   79.9914,    49.125
 60695.2, 5429.84, -102.51,  -18.97,    34.996,   79.9922,    49.125
 60696.9, 5394.38, -100.24,  -18.69,    35.001,   79.9927,    49.125
 60698.6, 5354.90, -109.76,  -18.31,    35.006,   79.9927,    49.125
 60700.3, 5323.33, -102.45,  -19.06,    35.000,   79.9943,    49.125
 60702.1, 5285.08, -107.98,  -18.48,    35.029,   79.9947,    49.125
 60703.9, 5248.61, -122.71,  -18.59,    34.997,   79.9947,    49.125
 60705.6, 5226.09, -107.31,  -18.40,    35.016,   79.9964,    49.104
 60707.3, 5204.60, -109.45,  -18.88,    35.020,   79.9967,    49.125
 60709.0, 5175.52, -112.44,  -18.40,    35.023,   79.9967,    49.125
 60710.7, 5146.20, -114.15,  -18.34,    35.004,   79.9978,    49.087
 60712.4, 5121.83, -111.90,  -18.59,    34.996,   79.9978,    49.125
 60714.1, 5100.18, -104.67,  -18.73,    34.989,   79.9978,    49.125
 60715.7, 5079.95, -104.98,  -18.14,    35.004,   79.9976,    49.125
 60717.4, 5066.68, -109.03,  -18.51,    34.996,   79.9976,    49.125
 60719.1, 5050.75, -113.03,  -18.50,    35.007,   79.9976,    49.125
 60720.8, 5036.02, -113.65,  -18.64,    34.985,   79.9974,    49.125
 60723.9, 5016.52, -119.23,  -17.83,    35.001,   79.9974,    49.125
 60725.7, 5011.42, -119.41,  -18.50,    35.002,   79.9972,    49.125
 60727.3, 5005.45, -106.32,  -18.10,    35.004,   79.9972,    49.125
 60729.0, 4999.27, -101.39,  -18.61,    34.992,   79.9972,    49.125
 60730.7, 4998.41, -111.49,  -18.53,    34.993,   79.9965,    49.125
 60732.3, 4994.12, -111.60,  -18.33,    35.006,   79.9965,    49.093
 60733.9, 4990.06, -103.11,  -18.18,    35.001,   79.9964,    49.092
 60735.6, 4990.62, -111.77,  -18.83,    34.999,   79.9961,    49.125
 60737.3, 4986.73, -105.77,  -18.44,    35.001,   79.9961,    49.125
 60739.1, 4984.05, -110.82,  -17.95,    34.993,   79.9958,    49.125
 60740.7, 4988.64,  -95.21,  -19.11,    34.988,   79.9944,    49.125
 60742.3, 4985.63, -109.69,  -18.15,    35.006,   79.9944,    49.125
 60744.0, 4985.79, -102.74,  -18.14,    35.002,   79.9944,    49.125
 60745.7, 4984.31, -109.36,  -18.95,    34.993,   79.9950,    49.125
 60747.4, 4981.66, -118.94,  -17.60,    34.993,   79.9950,    49.125
 60749.0, 4987.43, -104.26,  -18.04,    34.982,   79.9950,    49.125
 60750.7, 4988.15, -107.05,  -18.24,    34.998,   79.9937,    49.109
 60752.6, 4987.04, -105.74,  -18.10,    34.993,   79.9934,    49.104
 60755.8, 4987.70, -118.88,  -17.74,    35.019,   79.9941,    49.092
 60757.5, 4987.43, -112.83,  -18.19,    35.005,   79.9941,    49.104
 60759.2, 4980.68,  -99.94,  -17.39,    35.012,   79.9942,    49.104
 60760.8, 4973.61, -111.23,  -17.75,    35.001,   79.9957,    49.125
 60762.5, 4975.77, -112.12,  -18.64,    34.999,   79.9957,    49.086
 60764.2, 4971.73,  -95.16,  -18.63,    35.015,   79.9958,    49.112
 60766.0, 4964.55, -113.30,  -17.93,    35.007,   79.9963,    49.125
 60767.7, 4962.67, -106.91,  -18.27,    35.023,   79.9963,    49.125
 60769.5, 4960.32, -107.91,  -18.15,    35.010,   79.9963,    49.100
 60771.2, 4956.03, -108.04,  -17.98,    34.997,   79.9964,    49.108
 60772.8, 4956.97, -104.56,  -18.19,    35.003,   79.9964,    49.077
 60774.5, 4957.15, -103.99,  -18.55,    35.001,   79.9966,    49.076
 60776.2, 4958.01, -100.93,  -18.63,    34.990,   79.9974,    49.071
 60778.0, 4956.77, -108.69,  -17.55,    35.004,   79.9974,    49.084
 60779.7, 4954.49, -111.28,  -18.32,    34.990,   79.9976,    49.091
 60781.4, 4958.46, -101.50,  -18.32,    35.015,   79.9979,    49.089
 60783.1, 4955.36, -101.02,  -18.56,    35.000,   79.9979,    49.101
 60784.8, 4958.83, -112.68,  -17.40,    35.025,   79.9983,    49.100
 60787.8, 4960.02, -117.28,  -17.80,    35.031,   79.9987,    49.101
 60789.4, 4961.58, -108.48,  -17.67,    35.025,   79.9986,    49.062
 60791.1, 4961.18,  -95.72,  -18.22,    34.999,   79.9984,    49.073
 60792.9, 4958.36, -113.39,  -17.63,    35.009,   79.9984,    49.125
 60794.7, 4959.43, -113.33,  -18.48,    34.985,   79.9989,    49.086
 60796.4, 4960.80, -115.26,  -17.63,    35.007,   79.9997,    49.093
 60798.2, 4961.12, -105.70,  -18.02,    35.004,   79.9997,    49.062
 60799.8, 4963.81, -100.57,  -18.26,    35.002,   79.9999,    49.062
 60801.5, 4960.31, -108.86,  -17.85,    35.003,   80.0001,    49.076
 60803.2, 4965.34, -105.58,  -18.42,    35.017,   80.0001,    49.063
 60804.8, 4962.10, -103.51,  -18.25,    35.011,   80.0002,    49.107
 60806.5, 4958.44, -102.70,  -18.22,    34.996,   80.0004,    49.125
 60808.1, 4955.97, -106.03,  -18.29,    34.992,   80.0004,    49.125
 60809.7, 4953.49,  -94.35,  -18.32,    35.013,   80.0007,    49.078
 60811.4, 4943.67, -114.83,  -17.98,    35.009,   80.0011,    49.094
 60813.1, 4938.12, -102.64,  -18.35,    35.001,   80.0011,    49.070
 60814.7, 4937.57, -106.41,  -18.96,    34.994,   80.0009,    49.084
 60816.4, 4934.76,  -96.54,  -18.47,    35.009,   80.0005,    49.062
 60819.5, 4925.83, -110.69,  -17.80,    35.004,   80.0003,    49.062
 60821.2, 4922.65, -106.03,  -18.81,    35.008,   80.0001,    49.062
 60822.9, 4913.24, -102.93,  -17.59,    34.997,   80.0001,    49.062
 60824.5, 4908.45, -112.36,  -17.82,    35.011,   79.9998,    49.062
 60826.2, 4903.87, -114.74,  -18.48,    34.991,   79.9993,    49.062
 60827.9, 4901.91, -100.87,  -18.66,    34.990,   79.9993,    49.062
 60829.5, 4894.99, -109.70,  -18.15,    34.986,   79.9989,    49.062
 60831.2, 4895.88, -105.06,  -18.17,    34.984,   79.9986,    49.062
 60832.9, 4897.26, -114.64,  -18.08,    34.998,   79.9986,    49.062
 60834.6, 4894.19, -112.07,  -17.83,    34.999,   79.9990,    49.062
 60836.3, 4897.81, -109.23,  -18.74,    34.993,   79.9996,    49.062
 60838.0, 4900.00,  -98.21,  -18.48,    35.005,   79.9996,    49.062
 60839.6, 4899.79, -109.77,  -18.11,    35.011,   79.9994,    49.062
 60841.3, 4902.09, -114.08,  -18.30,    35.017,   79.9989,    49.062
 60842.9, 4905.02, -103.69,  -18.04,    34.999,   79.9989,    49.062
 60844.5, 4907.62, -108.73,  -17.95,    35.004,   79.9986,    49.062
 60846.2, 4909.85, -112.96,  -18.70,    35.011,   79.9982,    49.062
 60847.9, 4909.43, -108.38,  -18.21,    35.006,   79.9982,    49.043
 60850.9, 4901.36, -127.64,  -17.42,    34.997,   79.9975,    49.062
 60852.6, 4899.71, -108.73,  -18.10,    35.000,   79.9975,    49.062
 60854.2, 4898.15, -101.94,  -18.41,    35.012,   79.9975,    49.062
 60855.9, 4891.18, -103.32,  -18.28,    34.999,   79.9982,    49.062
 60857.5, 4890.51, -106.85,  -19.09,    35.002,   79.9982,    49.037
 60859.1, 4884.78, -102.90,  -18.30,    35.004,   79.9982,    49.020
 60860.7, 4881.02, -111.95,  -18.42,    34.991,   79.9998,    49.058
 60862.3, 4881.77, -111.11,  -19.01,    35.027,   80.0000,    49.042
 60864.0, 4871.90, -108.88,  -17.94,    35.019,   80.0000,    49.029
 60865.7, 4860.66, -110.88,  -18.23,    35.000,   80.0004,    49.026
 60867.4, 4859.21, -101.81,  -18.62,    35.012,   80.0005,    49.062
 60869.1, 4851.84, -123.08,  -18.45,    34.998,   80.0005,    49.062
 60870.8, 4848.11, -105.61,  -18.35,    34.998,   80.0021,    49.045
 60872.5, 4842.28, -104.24,  -19.08,    34.996,   80.0022,    49.062
 60874.2, 4825.81, -110.26,  -18.60,    34.994,   80.0024,    49.026
 60876.0, 4806.91, -104.15,  -18.24,    34.998,   80.0028,    49.000
 60877.8, 4794.04, -109.20,  -18.73,    34.990,   80.0028,    49.000
 60879.4, 4783.59, -115.73,  -18.88,    34.992,   80.0029,    49.000
 60882.5, 4782.61, -107.60,  -19.40,    35.005,   80.0033,    49.000
 60884.2, 4778.35, -122.13,  -18.27,    35.007,   80.0039,    49.000
 60885.9, 4787.34, -103.13,  -18.46,    34.993,   80.0055,    49.000
 60887.5, 4791.17, -102.01,  -19.00,    35.010,   80.0055,    49.000
 60889.1, 4786.24, -106.56,  -18.74,    34.995,   80.0055,    49.000
 60890.7, 4780.91, -114.77,  -18.09,    35.005,   80.0052,    49.000
 60892.4, 4783.07, -110.51,  -18.85,    35.005,   80.0052,    49.000
 60894.1, 4777.48, -115.02,  -18.89,    34.990,   80.0051,    49.000
 60895.8, 4781.65, -110.97,  -18.71,    35.011,   80.0043,    49.000
 60897.6, 4792.53, -108.19,  -19.54,    35.003,   80.0043,    49.000
 60899.3, 4792.96, -102.30,  -18.65,    35.009,   80.0044,    49.000
 60901.1, 4803.70,  -98.26,  -18.75,    35.007,   80.0050,    49.000
 60902.8, 4808.35, -112.90,  -19.11,    34.977,   80.0050,    49.000
 60904.5, 4809.56, -107.80,  -18.51,    34.962,   80.0041,    49.000
 60906.1, 4819.26, -104.81,  -18.59,    35.014,   80.0023,    48.980
 60907.8, 4827.29, -117.06,  -19.01,    35.019,   80.0023,    48.982
 60909.5, 4825.00, -106.23,  -18.16,    35.027,   80.0022,    49.000
 60911.1, 4826.89, -117.94,  -18.94,    35.001,   80.0014,    49.000
 60914.2, 4832.25, -120.93,  -17.95,    35.000,   80.0013,    48.938
 60915.9, 4836.65, -117.01,  -19.39,    34.984,   80.0005,    48.938
 60917.6, 4834.23, -104.25,  -17.57,    35.007,   80.0005,    48.938
 60919.3, 4842.80, -105.25,  -19.28,    35.012,   80.0005,    48.943
 60921.0, 4834.61, -103.99,  -18.09,    34.983,   80.0001,    48.984
 60922.7, 4843.84, -105.50,  -18.83,    35.013,   80.0001,    48.979
 60924.3, 4840.77, -110.27,  -19.20,    35.006,   80.0000,    49.000
 60926.1, 4838.82,  -98.29,  -18.49,    34.996,   79.9999,    48.976
 60927.7, 4838.76, -115.21,  -18.38,    35.009,   79.9999,    48.959
 60929.4, 4840.52, -106.28,  -19.13,    34.994,   80.0002,    48.975
 60931.1, 4839.85, -112.42,  -17.83,    35.031,   80.0014,    48.992
 60932.8, 4838.48, -108.19,  -19.21,    34.990,   80.0014,    49.000
 60934.4, 4838.97, -129.35,  -18.78,    34.990,   80.0016,    48.984
 60936.2, 4834.86,  -96.66,  -18.66,    34.983,   80.0025,    49.000
 60937.9, 4840.87, -117.24,  -18.65,    35.013,   80.0025,    49.000
 60939.6, 4841.39, -101.40,  -18.90,    35.021,   80.0022,    49.000
 60941.3, 4829.99, -114.45,  -18.26,    34.965,   80.0017,    49.000
 60942.9, 4831.82, -111.63,  -19.03,    34.941,   80.0017,    49.000
 60946.0, 4845.70,  -98.92,  -18.28,    35.068,   80.0028,    49.000
 60947.7, 4840.90, -111.19,  -19.20,    34.997,   80.0028,    49.000
 60949.3, 4829.37, -109.16,  -18.24,    34.965,   80.0025,    49.000
 60950.9, 4831.58, -112.64,  -18.92,    34.968,   80.0021,    49.000
 60952.6, 4827.51, -104.03,  -18.28,    35.034,   80.0021,    49.000
 60954.3, 4822.01, -103.27,  -18.13,    35.032,   80.0023,    49.000
 60956.0, 4808.08, -111.63,  -18.72,    34.969,   80.0029,    49.000
