apply_cal+QC/WISPER_raw_data/Raw_Data_Backup/WISPER_20160925_rawField.ict
40, 1001
David Noone
Oregon State University
Water Vapor Isotopic Analyzer (Picarro L2120i) - H2O concentration, D/H and 18O/16O isotope ratios (delta notation)
ORACLES
1, 1
2016, 09, 25, 2016, 09, 25
0
Start_UTC, seconds
6
1, 1, 1, 1, 1, 1
-9999, -9999, -9999, -9999, -9999, -9999
H2O_ppmv, ppmv
dD_permil, permil
d18O_permil, permil
pressure_cavity, torr
temp_cavity, degrees_celcius
temp_das, degrees_celcius
0
18
PI_CONTACT_INFO: Address: David Noone, CEOAS, Oregon State University, Corvallis OR 97331; email: nooned@oregonstate.edu
PLATFORM: NASA P3B (N426NA), sampling port side foward window from forward facing diffuser inlet
LOCATION: Aircraft location data decribed elsewhere
ASSOCIATED_DATA: see http://espoarchive.nasa.gov/archive/browse/oracles
INSTRUMENT_INFO: Water Vapor Isotopic Analyzer (Picarro L2120-i): cavity-ringdown tunable diode laser spectoscopy.
DATA_INFO: Units are ppmv for H2O and permil relative to SMOW for d18O and dD.
UNCERTAINTY: The absolute accuracy humidity dependent is in the range 1 % for H2O, 1 permil for dD and 0.5 permil for d18O.
ULOD_FLAG: -7777
ULOD_VALUE: N/A
LLOD_FLAG: -8888
LLOD_VALUE: N/A
DM_CONTACT_INFO: David Noone; Oregon State University; nooned@oregonstate.edu
PROJECT_INFO: ORACLES Mission August-October 2016; Southeast Atlantic/Walvis Bay, Namibia
STIPULATIONS_ON_USE: Until made public, only the ORACLES science team is allowed to use this data, per the ORACLES data protocol.
OTHER_COMMENTS: Data is uncalibrated, uncheck and not useful for science at this level
REVISION: RAW
RAW: Raw translation of Picarro output files to ICARTT format
Start_UTC, H2O_ppmv, dD_permil, d18O_permil, pressure_cavity, temp_cavity, temp_das
 25558.1, 6751.38, -100.94,   -0.34,    35.005,   78.4513,    40.562
 25560.1, 6787.36,  -54.91,  -12.11,    35.013,   78.4981,    40.562
[from data line 9044]
 43366.9, 5573.09, -100.08,  -17.19,    34.998,   80.0037,    49.125
 43368.6, 5573.19,  -95.02,  -17.19,    34.985,   80.0037,    49.125
 43370.3, 5574.27,  -98.62,  -17.15,    34.997,   80.0048,    49.125
 43372.1, 5578.42,  -97.85,  -17.55,    35.004,   80.0048,    49.125
 43373.9, 5574.28,  -96.79,  -17.42,    34.989,   80.0048,    49.125
 43375.6, 5581.19,  -90.74,  -17.90,    35.006,   80.0055,    49.125
 43377.3, 5575.57, -108.67,  -16.99,    34.999,   80.0055,    49.125
 43379.0, 5578.21,  -94.94,  -17.36,    35.009,   80.0055,    49.125
 43380.6, 5576.49,  -96.21,  -17.30,    35.016,   80.0056,    49.125
 43382.3, 5575.97,  -94.09,  -17.64,    34.993,   80.0056,    49.125
 43384.1, 5574.39,  -91.81,  -17.54,    34.980,   80.0056,    49.125
 43385.9, 5574.87, -105.99,  -17.09,    35.005,   80.0058,    49.125
 43387.5, 5571.87,  -98.36,  -17.60,    34.962,   80.0059,    49.125
 43389.3, 5575.99,  -99.35,  -16.99,    34.997,   80.0058,    49.125
 43391.0, 5570.64, -112.32,  -16.80,    34.985,   80.0052,    49.153
 43392.8, 5577.37,  -92.15,  -17.10,    34.992,   80.0052,    49.171
 43394.5, 5579.69,  -96.80,  -17.34,    35.009,   80.0056,    49.168
 43397.7, 5578.15,  -96.65,  -16.73,    34.993,   80.0062,    49.180
 43399.5, 5580.23,  -95.46,  -17.21,    34.998,   80.0061,    49.174
 43401.2, 5584.30, -106.95,  -16.91,    35.015,   80.0059,    49.188
 43403.0, 5582.62,  -95.77,  -16.87,    34.985,   80.0059,    49.188
 43404.9, 5591.39,  -96.11,  -17.06,    34.986,   80.0056,    49.188
 43406.7, 5594.86,  -93.36,  -16.85,    35.007,   80.0054,    49.188
 43408.3, 5597.54,  -98.33,  -17.15,    35.008,   80.0054,    49.188
 43410.0, 5597.30, -103.79,  -17.15,    34.998,   80.0050,    49.188
 43411.8, 5600.66, -105.35,  -17.17,    34.993,   80.0047,    49.188
 43413.5, 5606.10,  -89.67,  -17.48,    35.002,   80.0047,    49.171
 43415.3, 5604.89, -101.94,  -17.19,    34.991,   80.0046,    49.188
 43417.1, 5611.59,  -97.81,  -16.80,    34.996,   80.0046,    49.188
 43418.9, 5613.96,  -86.67,  -17.64,    35.004,   80.0046,    49.188
 43420.6, 5612.58, -101.95,  -17.14,    34.997,   80.0050,    49.188
 43422.3, 5615.82,  -93.13,  -17.55,    35.024,   80.0051,    49.188
 43424.0, 5611.44, -101.96,  -17.01,    35.004,   80.0051,    49.188
 43425.6, 5615.48,  -90.39,  -17.59,    34.989,   80.0054,    49.188
 43427.3, 5616.43,  -89.54,  -17.10,    35.013,   80.0054,    49.188
 43430.5, 5613.25, -102.33,  -17.21,    34.980,   80.0058,    49.188
 43432.2, 5619.39, -100.24,  -17.32,    34.998,   80.0061,    49.188
 43433.9, 5616.65,  -95.49,  -17.26,    35.016,   80.0061,    49.188
 43435.7, 5613.40,  -97.72,  -16.74,    34.976,   80.0062,    49.188
 43437.5, 5621.97,  -95.63,  -17.30,    35.021,   80.0062,    49.188
 43439.3, 5621.17,  -95.22,  -16.98,    35.004,   80.0064,    49.188
 43441.0, 5619.23,  -93.08,  -17.25,    34.995,   80.0071,    49.188
 43442.7, 5619.11,  -99.55,  -17.22,    35.002,   80.0071,    49.188
 43444.5, 5620.26,  -89.17,  -17.51,    35.007,   80.0069,    49.188
 43446.2, 5615.72, -100.15,  -16.96,    35.000,   80.0059,    49.188
 43448.0, 5616.61,  -95.63,  -16.98,    34.996,   80.0059,    49.188
 43449.8, 5617.10,  -85.71,  -17.06,    35.000,   80.0054,    49.188
 43451.5, 5619.14,  -93.16,  -17.22,    35.010,   80.0047,    49.188
 43453.3, 5621.58,  -97.21,  -17.44,    35.005,   80.0047,    49.188
 43455.0, 5620.51,  -92.44,  -17.00,    35.020,   80.0047,    49.188
 43456.8, 5615.66,  -98.04,  -16.90,    34.996,   80.0047,    49.171
 43458.5, 5615.29, -101.12,  -16.99,    35.000,   80.0047,    49.168
 43460.2, 5616.65, -104.73,  -17.05,    34.999,   80.0041,    49.167
 43463.2, 5615.54, -101.94,  -16.98,    35.002,   80.0038,    49.188
 43465.0, 5619.16,  -88.69,  -17.36,    35.023,   80.0038,    49.188
 43466.7, 5613.24,  -97.70,  -16.88,    35.002,   80.0038,    49.188
 43468.4, 5616.92,  -92.51,  -17.28,    35.008,   80.0038,    49.188
 43470.2, 5612.73,  -98.74,  -17.51,    34.991,   80.0040,    49.188
 43471.9, 5616.76,  -95.82,  -17.10,    34.998,   80.0041,    49.188
 43473.6, 5613.00,  -94.35,  -16.91,    35.000,   80.0041,    49.188
 43475.4, 5614.77, -110.05,  -16.88,    35.013,   80.0031,    49.188
 43477.2, 5614.28,  -93.54,  -17.14,    35.010,   80.0026,    49.188
 43478.9, 5613.30, -103.53,  -17.26,    34.996,   80.0026,    49.215
 43480.6, 5613.43,  -98.89,  -17.04,    35.003,   80.0021,    49.234
 43482.3, 5613.41,  -99.02,  -17.05,    35.001,   80.0020,    49.211
 43484.0, 5613.14,  -89.20,  -17.40,    35.007,   80.0023,    49.188
 43485.8, 5611.75,  -90.49,  -17.45,    34.994,   80.0036,    49.188
 43487.6, 5610.58,  -99.71,  -17.46,    35.010,   80.0036,    49.211
 43489.3, 5608.23,  -93.28,  -17.41,    35.011,   80.0035,    49.219
 43491.0, 5604.33,  -95.05,  -17.08,    34.999,   80.0030,    49.188
 43492.9, 5604.89,  -95.49,  -17.13,    34.998,   80.0030,    49.188
 43496.0, 5606.39,  -90.06,  -17.53,    35.002,   80.0030,    49.234
 43497.7, 5607.71, -101.98,  -17.17,    35.010,   80.0030,    49.250
 43499.5, 5605.07,  -95.66,  -17.30,    35.006,   80.0030,    49.250
 43501.3, 5606.59,  -88.08,  -17.35,    35.022,   80.0030,    49.250
 43503.0, 5605.55,  -97.42,  -17.36,    34.994,   80.0030,    49.250
 43504.7, 5611.09,  -98.30,  -17.11,    34.985,   80.0030,    49.250
 43506.5, 5615.36,  -95.99,  -17.18,    34.998,   80.0029,    49.250
 43508.2, 5617.69,  -91.02,  -17.01,    35.011,   80.0029,    49.250
 43510.0, 5616.55, -104.36,  -16.77,    35.011,   80.0031,    49.204
 43511.7, 5622.39,  -99.21,  -17.06,    34.999,   80.0033,    49.188
 43513.4, 5624.10,  -96.82,  -17.14,    34.975,   80.0033,    49.191
 43515.1, 5631.67,  -94.17,  -17.09,    34.994,   80.0025,    49.250
 43516.8, 5636.74,  -98.49,  -17.47,    35.024,   80.0014,    49.235
 43518.5, 5638.29,  -92.35,  -17.41,    35.014,   80.0014,    49.221
 43520.2, 5633.42,  -96.83,  -17.06,    34.995,   80.0018,    49.231
 43521.9, 5636.18,  -91.29,  -17.63,    34.978,   80.0020,    49.222
 43523.7, 5636.84,  -90.99,  -17.35,    34.988,   80.0020,    49.235
 43525.4, 5634.52,  -96.26,  -17.04,    35.007,   80.0020,    49.229
 43528.5, 5636.22,  -92.71,  -17.13,    35.002,   80.0020,    49.249
 43530.2, 5642.23,  -92.07,  -17.28,    34.996,   80.0026,    49.209
 43531.9, 5635.60,  -98.70,  -17.45,    35.016,   80.0034,    49.250
 43533.6, 5629.32,  -88.73,  -16.98,    34.981,   80.0034,    49.250
 43535.3, 5635.39,  -91.31,  -17.56,    34.994,   80.0028,    49.250
 43537.1, 5636.87,  -89.42,  -17.18,    35.025,   80.0027,    49.250
 43538.8, 5633.47,  -97.23,  -17.04,    35.002,   80.0027,    49.250
 43540.6, 5631.55, -106.75,  -16.96,    35.005,   80.0020,    49.250
 43542.3, 5633.28,  -98.85,  -17.11,    34.997,   80.0020,    49.250
 43544.1, 5631.48,  -95.22,  -16.79,    35.007,   80.0021,    49.250
 43545.8, 5635.09,  -94.28,  -17.38,    34.979,   80.0023,    49.250
 43547.5, 5638.29,  -93.65,  -17.42,    35.000,   80.0023,    49.250
 43549.1, 5634.03,  -95.86,  -16.51,    34.998,   80.0023,    49.250
 43550.8, 5640.72,  -93.72,  -16.82,    34.996,   80.0023,    49.215
 43552.6, 5645.73,  -93.92,  -17.03,    35.008,   80.0023,    49.250
 43554.4, 5643.35, -106.40,  -16.81,    35.005,   80.0025,    49.246
 43556.1, 5643.84, -101.00,  -17.01,    34.992,   80.0030,    49.206
 43557.8, 5649.07,  -91.42,  -17.48,    34.997,   80.0030,    49.188
 43560.9, 5653.25,  -92.96,  -16.94,    35.012,   80.0029,    49.219
 43562.6, 5648.02,  -97.45,  -16.80,    35.003,   80.0029,    49.213
 43564.3, 5652.07,  -90.11,  -16.88,    34.996,   80.0021,    49.227
 43566.1, 5651.69, -104.88,  -17.49,    35.010,   80.0009,    49.250
 43567.8, 5651.43,  -95.76,  -17.52,    35.003,   80.0009,    49.250
 43569.6, 5647.01,  -82.06,  -17.17,    34.987,   80.0009,    49.229
 43571.3, 5651.68, -100.25,  -17.58,    35.002,   80.0009,    49.250
 43572.9, 5652.50,  -94.23,  -16.84,    35.001,   80.0009,    49.231
 43574.7, 5645.96, -101.78,  -16.96,    34.995,   80.0009,    49.250
 43576.3, 5645.67,  -94.77,  -17.01,    35.006,   80.0008,    49.250
 43578.0, 5646.14,  -87.63,  -17.45,    34.988,   80.0008,    49.250
 43579.7, 5646.61,  -94.37,  -17.06,    34.991,   80.0010,    49.250
 43581.4, 5646.17,  -91.11,  -17.08,    34.999,   80.0012,    49.250
 43583.1, 5647.58,  -95.73,  -17.08,    35.005,   80.0012,    49.250
 43584.8, 5652.68,  -95.41,  -17.54,    34.986,   80.0014,    49.250
 43586.6, 5650.37,  -96.46,  -17.28,    34.989,   80.0016,    49.250
 43588.3, 5655.26,  -99.86,  -17.31,    34.993,   80.0016,    49.250
 43590.0, 5660.08,  -93.97,  -16.31,    35.022,   80.0008,    49.250
 43593.1, 5660.22,  -98.46,  -16.83,    34.989,   80.0003,    49.250
 43594.8, 5662.04,  -99.65,  -17.18,    34.993,   79.9994,    49.250
 43596.5, 5662.41,  -82.05,  -17.38,    34.992,   79.9989,    49.250
 43598.3, 5656.83, -103.89,  -17.09,    34.989,   79.9989,    49.250
 43599.9, 5660.74,  -99.63,  -16.92,    35.010,   79.9984,    49.250
 43601.6, 5656.95, -104.96,  -17.25,    34.997,   79.9982,    49.250
 43603.3, 5659.58,  -92.55,  -17.32,    34.971,   79.9982,    49.250
 43605.0, 5663.58, -104.66,  -17.30,    35.011,   79.9979,    49.250
 43606.8, 5662.19,  -97.40,  -17.10,    34.959,   79.9974,    49.250
 43608.6, 5666.97,  -98.22,  -16.68,    34.987,   79.9974,    49.250
 43610.3, 5668.18,  -91.23,  -17.35,    35.005,   79.9970,    49.250
 43612.0, 5663.19, -101.12,  -16.99,    35.014,   79.9970,    49.250
 43613.7, 5661.23,  -87.74,  -17.17,    35.001,   79.9970,    49.250
 43615.4, 5658.31,  -95.88,  -17.34,    35.011,   79.9972,    49.250
 43617.1, 5660.17,  -93.08,  -17.18,    35.026,   79.9972,    49.250
 43618.8, 5657.70,  -96.00,  -17.22,    35.000,   79.9972,    49.250
 43620.6, 5656.22,  -93.75,  -17.37,    35.000,   79.9973,    49.250
 43622.4, 5661.28,  -96.30,  -16.89,    34.985,   79.9973,    49.250
 43625.4, 5674.36,  -93.42,  -17.63,    35.006,   79.9974,    49.250
 43627.1, 5681.41,  -93.78,  -17.31,    35.004,   79.9976,    49.268
 43628.8, 5690.04,  -96.71,  -17.59,    34.987,   79.9976,    49.250
 43630.5, 5699.73,  -99.14,  -17.19,    35.007,   79.9976,    49.264
 43632.2, 5708.97,  -98.21,  -17.47,    35.014,   79.9976,    49.274
 43633.9, 5714.04,  -97.86,  -17.33,    34.995,   79.9977,    49.267
 43635.6, 5720.39,  -92.61,  -17.43,    34.995,   79.9986,    49.298
 43637.3, 5724.24,  -94.81,  -17.40,    35.009,   79.9986,    49.279
 43639.0, 5723.86,  -90.34,  -17.11,    34.996,   79.9986,    49.294
 43640.8, 5728.99,  -93.29,  -16.74,    34.995,   79.9984,    49.312
 43642.5, 5735.01,  -92.24,  -17.34,    35.007,   79.9983,    49.312
 43644.2, 5733.24,  -98.71,  -17.16,    35.000,   79.9983,    49.312
 43645.9, 5738.73,  -99.03,  -17.34,    34.993,   79.9983,    49.312
 43647.6, 5741.06,  -91.08,  -17.13,    34.987,   79.9983,    49.285
 43649.4, 5746.66,  -97.67,  -17.15,    35.013,   79.9990,    49.250
 43651.2, 5746.84,  -93.61,  -17.15,    35.002,   80.0003,    49.273
 43652.9, 5746.18, -101.15,  -17.11,    34.983,   80.0003,    49.312
 43654.6, 5756.60,  -96.09,  -17.28,    35.005,   79.9998,    49.275
 43657.7, 5765.31,  -94.05,  -17.01,    34.996,   79.9995,    49.312
 43659.4, 5774.17,  -94.76,  -17.02,    35.016,   79.9993,    49.293
 43661.0, 5776.93, -102.06,  -16.68,    34.993,   79.9981,    49.291
 43662.7, 5780.96, -100.97,  -16.97,    35.004,   79.9981,    49.312
 43664.5, 5781.56,  -93.60,  -17.26,    35.004,   79.9980,    49.312
 43666.2, 5783.61,  -97.78,  -16.73,    35.003,   79.9979,    49.312
 43667.9, 5786.52,  -97.79,  -17.27,    35.000,   79.9979,    49.312
 43669.7, 5788.44,  -89.47,  -17.04,    34.988,   79.9978,    49.312
 43671.4, 5790.09,  -94.80,  -17.35,    34.984,   79.9977,    49.312
 43673.1, 5790.30,  -95.22,  -17.19,    34.995,   79.9977,    49.275
 43674.9, 5790.88, -103.67,  -16.90,    35.001,   79.9977,    49.296
 43676.6, 5792.58, -100.30,  -16.85,    34.998,   79.9978,    49.312
 43678.3, 5795.19,  -92.12,  -17.37,    35.000,   79.9978,    49.312
 43680.1, 5797.37,  -88.49,  -17.39,    34.995,   79.9967,    49.312
 43681.9, 5796.99,  -93.63,  -17.45,    34.990,   79.9961,    49.312
 43683.6, 5800.29,  -93.12,  -16.64,    35.008,   79.9961,    49.312
 43685.3, 5798.58,  -94.98,  -17.02,    34.974,   79.9960,    49.312
 43686.9, 5797.35, -104.61,  -16.42,    35.003,   79.9960,    49.312
 43690.0, 5795.41,  -96.35,  -17.03,    34.986,   79.9963,    49.328
 43691.8, 5793.55,  -95.75,  -17.04,    34.987,   79.9965,    49.319
 43693.5, 5793.29,  -97.76,  -17.25,    34.994,   79.9965,    49.371
 43695.3, 5794.56,  -88.06,  -17.13,    35.007,   79.9976,    49.332
 43697.1, 5793.45,  -99.72,  -16.73,    35.011,   79.9980,    49.312
 43698.8, 5796.27,  -95.78,  -17.26,    34.990,   79.9979,    49.312
 43700.6, 5799.10,  -94.14,  -17.16,    35.006,   79.9972,    49.312
 43702.4, 5796.61,  -99.34,  -17.22,    34.979,   79.9972,    49.312
 43704.1, 5800.16, -103.74,  -17.05,    35.003,   79.9973,    49.312
 43705.8, 5801.72,  -89.69,  -17.22,    34.999,   79.9981,    49.312
 43707.6, 5801.76,  -98.05,  -16.72,    34.985,   79.9981,    49.312
 43709.3, 5805.23,  -91.72,  -17.28,    35.002,   79.9980,    49.284
 43711.0, 5803.35,  -91.70,  -16.87,    34.992,   79.9979,    49.304
 43712.8, 5808.84,  -88.43,  -17.36,    35.003,   79.9979,    49.312
 43714.5, 5808.30, -103.48,  -16.78,    34.998,   79.9982,    49.312
 43716.3, 5810.27,  -98.39,  -17.09,    35.004,   79.9986,    49.312
 43718.0, 5814.05,  -90.30,  -17.09,    35.001,   79.9986,    49.312
 43719.6, 5812.17,  -94.47,  -16.37,    35.021,   79.9984,    49.312
 43722.8, 5809.83, -101.17,  -16.87,    34.992,   79.9983,    49.312
 43724.5, 5810.28,  -91.67,  -16.96,    34.993,   79.9984,    49.312
 43726.2, 5812.51,  -96.87,  -17.20,    35.009,   79.9987,    49.312
 43727.9, 5812.90,  -91.09,  -17.13,    34.992,   79.9987,    49.312
 43729.6, 5811.69,  -96.47,  -16.83,    34.992,   79.9994,    49.312
 43731.4, 5815.90,  -85.26,  -16.92,    35.002,   80.0001,    49.312
 43733.2, 5817.55, -100.86,  -16.99,    34.994,   80.0001,    49.312
 43735.0, 5821.21,  -84.66,  -16.98,    35.013,   80.0002,    49.312
 43736.6, 5815.58,  -96.41,  -16.82,    34.996,   80.0004,    49.312
 43738.3, 5818.64,  -87.02,  -16.97,    34.996,   80.0004,    49.312
 43740.1, 5814.80, -100.21,  -16.79,    34.987,   80.0001,    49.312
 43741.7, 5820.13,  -98.64,  -16.93,    35.019,   80.0000,    49.312
 43743.5, 5819.39,  -93.99,  -17.12,    35.004,   80.0000,    49.312
 43745.2, 5821.20,  -91.01,  -17.05,    35.008,   80.0000,    49.312
 43747.0, 5821.71,  -89.57,  -17.39,    35.002,   80.0000,    49.312
 43748.7, 5820.64,  -98.04,  -16.98,    34.999,   80.0000,    49.312
 43750.5, 5822.66,  -94.07,  -16.69,    35.015,   79.9997,    49.294
 43752.3, 5819.60,  -94.74,  -17.07,    34.988,   79.9997,    49.280
 43755.4, 5824.35,  -97.55,  -16.94,    35.004,   79.9987,    49.312
 43757.0, 5821.30,  -87.95,  -17.02,    34.984,   79.9983,    49.312
 43758.7, 5823.25, -102.96,  -16.78,    35.013,   79.9983,    49.312
 43760.5, 5823.76,  -99.59,  -16.61,    35.013,   79.9987,    49.312
 43762.3, 5820.66,  -91.70,  -17.05,    34.981,   79.9987,    49.312
 43764.0, 5821.58,  -99.44,  -16.54,    34.995,   79.9987,    49.312
 43765.7, 5822.83, -101.67,  -16.62,    34.988,   79.9979,    49.312
 43767.5, 5828.47,  -89.59,  -16.88,    34.997,   79.9979,    49.312
 43769.2, 5833.94,  -88.29,  -17.14,    35.030,   79.9980,    49.312
 43771.0, 5828.06, -101.28,  -17.33,    35.017,   79.9983,    49.312
 43772.8, 5826.43,  -98.74,  -16.87,    34.990,   79.9983,    49.312
 43774.6, 5821.94, -104.21,  -16.53,    34.987,   79.9979,    49.312
 43776.3, 5822.98,  -95.00,  -16.94,    35.014,   79.9972,    49.312
 43777.9, 5816.77,  -89.04,  -16.84,    34.986,   79.9972,    49.283
 43779.7, 5816.73, -102.91,  -16.67,    34.998,   79.9970,    49.304
 43781.5, 5819.23,  -94.82,  -17.26,    35.014,   79.9969,    49.312
