apply_cal+QC/WISPER_raw_data/Raw_Data_Backup/WISPER_20160920_rawField.ict
40, 1001
David Noone
Oregon State University
Water Vapor Isotopic Analyzer (Picarro L2120i) - H2O concentration, D/H and 18O/16O isotope ratios (delta notation)
ORACLES
1, 1
2016, 09, 20, 2016, 09, 20
0
Start_UTC, seconds
6
1, 1, 1, 1, 1, 1
-9999, -9999, -9999, -9999, -9999, -9999
H2O_ppmv, ppmv
dD_permil, permil
d18O_permil, permil
pressure_cavity, torr
temp_cavity, degrees_celcius
temp_das, degrees_celcius
0
18
PI_CONTACT_INFO: Address: David Noone, CEOAS, Oregon State University, Corvallis OR 97331; email: nooned@oregonstate.edu
PLATFORM: NASA P3B (N426NA), sampling port side foward window from forward facing diffuser inlet
LOCATION: Aircraft location data decribed elsewhere
ASSOCIATED_DATA: see http://espoarchive.nasa.gov/archive/browse/oracles
INSTRUMENT_INFO: Water Vapor Isotopic Analyzer (Picarro L2120-i): cavity-ringdown tunable diode laser spectoscopy.
DATA_INFO: Units are ppmv for H2O and permil relative to SMOW for d18O and dD.
UNCERTAINTY: The absolute accuracy humidity dependent is in the range 1 % for H2O, 1 permil for dD and 0.5 permil for d18O.
ULOD_FLAG: -7777
ULOD_VALUE: N/A
LLOD_FLAG: -8888
LLOD_VALUE: N/A
DM_CONTACT_INFO: David Noone; Oregon State University; nooned@oregonstate.edu
PROJECT_INFO: ORACLES Mission August-October 2016; Southeast Atlantic/Walvis Bay, Namibia
STIPULATIONS_ON_USE: Until made public, only the ORACLES science team is allowed to use this data, per the ORACLES data protocol.
OTHER_COMMENTS: Data is uncalibrated, uncheck and not useful for science at this level
REVISION: RAW
RAW: Raw translation of Picarro output files to ICARTT format
Start_UTC, H2O_ppmv, dD_permil, d18O_permil, pressure_cavity, temp_cavity, temp_das
 23055.7,14118.14,  -52.28,  -37.85,    35.001,   78.3740,    41.750
 23057.7,14337.78, -102.77,  -19.92,    35.026,   78.3839,    41.750
[from data line 2783]
 27967.2,  225.72, -520.19,  -54.49,    35.110,   79.9934,    46.938
 27968.9,  223.22, -478.93,  -47.50,    35.000,   79.9934,    46.938
 27970.5,  227.80, -339.84,  -63.79,    34.995,   79.9948,    46.938
 27972.2,  227.38, -118.93,  -64.55,    35.009,   79.9953,    46.938
 27973.8,  226.18, -337.64,  -57.54,    35.029,   79.9953,    46.958
 27976.9,  224.11, -346.69,  -58.76,    34.918,   79.9959,    46.938
 27978.6,  222.11, -598.13,  -49.98,    34.965,   79.9959,    46.938
 27980.2,  225.09, -399.90,  -63.33,    35.016,   79.9960,    46.938
 27981.9,  223.27, -376.20,  -53.56,    34.977,   79.9960,    46.938
 27983.6,  222.25, -379.28,  -55.11,    35.039,   79.9960,    46.938
 27985.3,  223.27, -343.62,  -58.29,    35.057,   79.9971,    46.938
 27987.0,  222.19, -383.42,  -55.47,    35.024,   79.9976,    46.938
 27988.7,  222.63, -410.68,  -57.04,    34.997,   79.9976,    46.938
 27990.3,  219.67, -739.66,  -56.28,    35.000,   79.9976,    46.938
 27992.0,  219.34, -432.74,  -50.29,    35.008,   79.9976,    46.938
 27993.8,  223.10, -195.00,  -66.70,    34.996,   79.9976,    46.938
 27995.4,  219.30, -388.41,  -51.41,    34.903,   79.9963,    46.938
 27997.1,  223.02, -183.22,  -66.67,    34.979,   79.9959,    46.938
 27998.9,  221.84, -306.87,  -62.73,    35.033,   79.9959,    46.938
 28000.5,  217.05, -312.39,  -41.32,    34.992,   79.9956,    46.958
 28002.2,  222.81, -474.91,  -66.52,    35.050,   79.9956,    46.948
 28003.9,  218.30, -423.91,  -44.27,    35.046,   79.9959,    46.984
 28005.6,  222.48,  -97.88,  -64.01,    34.993,   79.9966,    47.000
 28008.7,  218.50, -516.12,  -49.52,    34.999,   79.9966,    46.954
 28010.4,  222.28, -336.26,  -63.03,    35.006,   79.9960,    46.974
 28012.1,  225.13, -280.87,  -68.35,    34.950,   79.9957,    46.986
 28013.8,  222.17, -157.04,  -55.42,    34.927,   79.9957,    47.000
 28015.5,  220.87, -127.67,  -51.61,    35.036,   79.9956,    47.000
 28017.1,  226.97,  -29.39,  -79.01,    34.930,   79.9956,    47.000
 28018.8,  219.06, -336.76,  -44.71,    34.984,   79.9956,    47.000
 28020.4,  224.37, -462.65,  -62.20,    35.131,   79.9956,    47.000
 28022.1,  222.72, -364.76,  -54.28,    35.064,   79.9956,    47.000
 28023.7,  221.58, -468.07,  -51.88,    34.986,   79.9956,    47.000
 28025.4,  224.58, -463.15,  -61.08,    35.032,   79.9980,    47.000
 28027.0,  221.77, -605.01,  -48.60,    34.973,   79.9982,    47.000
 28028.7,  222.88, -280.38,  -51.85,    34.996,   79.9983,    47.000
 28030.3,  224.45, -342.39,  -61.61,    35.029,   79.9987,    47.000
 28032.0,  227.26, -305.33,  -70.12,    35.007,   79.9987,    47.004
 28033.7,  223.46, -345.51,  -48.70,    34.986,   79.9987,    47.035
 28035.4,  227.75, -398.30,  -61.83,    34.902,   79.9988,    47.000
 28037.0,  226.89, -289.77,  -63.50,    34.941,   79.9989,    47.000
 28040.0,  231.06, -272.92,  -74.77,    35.057,   79.9985,    47.000
 28041.7,  228.57, -270.36,  -63.48,    34.989,   79.9983,    47.000
 28043.4,  226.59, -295.64,  -51.69,    34.994,   79.9983,    47.000
 28045.2,  229.76, -364.05,  -58.47,    35.039,   79.9997,    47.000
 28047.0,  229.81, -220.79,  -59.05,    34.993,   80.0005,    47.000
 28048.6,  229.91, -197.23,  -55.04,    35.006,   80.0005,    47.000
 28050.3,  230.96, -327.69,  -62.39,    34.983,   80.0011,    47.000
 28052.1,  232.27, -655.10,  -59.81,    35.022,   80.0014,    47.000
 28053.9,  232.56, -101.36,  -58.55,    34.956,   80.0014,    47.022
 28055.5,  229.27, -741.31,  -44.70,    34.956,   80.0014,    47.040
 28057.1,  234.04, -572.74,  -61.83,    34.983,   80.0014,    47.000
 28058.7,  229.91, -344.16,  -44.93,    34.889,   80.0014,    47.000
 28060.3,  236.78, -207.55,  -72.67,    35.030,   80.0013,    47.000
 28061.9,  233.23, -259.53,  -62.40,    35.135,   80.0012,    47.000
 28063.6,  231.62, -392.83,  -54.28,    35.082,   80.0012,    47.000
 28065.3,  232.54, -312.46,  -57.13,    34.980,   80.0031,    47.000
 28067.1,  230.51, -485.32,  -46.40,    35.036,   80.0036,    47.000
 28068.8,  234.30, -166.30,  -64.90,    35.007,   80.0036,    47.000
 28071.7,  231.75, -458.06,  -59.03,    34.964,   80.0023,    47.000
 28073.4,  232.50, -400.58,  -55.02,    34.979,   80.0023,    47.017
 28075.0,  232.50, -427.96,  -59.67,    34.992,   80.0020,    47.049
 28076.6,  231.88, -508.40,  -60.63,    34.932,   80.0007,    47.062
 28078.2,  230.44, -360.50,  -48.48,    34.902,   80.0007,    47.033
 28079.9,  235.65, -564.35,  -71.07,    35.027,   80.0005,    47.042
 28081.6,  232.55, -458.14,  -57.02,    35.054,   80.0004,    47.062
 28083.3,  231.10, -482.44,  -46.60,    34.985,   80.0004,    47.062
 28085.1,  233.92, -256.26,  -61.56,    35.033,   80.0001,    47.036
 28086.7,  231.15, -357.26,  -52.03,    35.023,   79.9997,    47.031
 28088.4,  230.00, -575.12,  -51.22,    35.001,   79.9997,    47.062
 28090.1,  232.62, -273.86,  -59.16,    34.988,   79.9999,    47.062
 28091.8,  233.06, -287.40,  -61.26,    34.980,   80.0003,    47.039
 28093.7,  230.78, -361.53,  -50.24,    35.026,   80.0003,    47.006
 28095.4,  227.49, -588.78,  -38.03,    34.913,   80.0009,    47.035
 28097.1,  234.39, -440.15,  -74.25,    34.979,   80.0012,    47.000
 28098.8,  228.52, -662.86,  -39.68,    35.028,   80.0012,    47.000
 28100.5,  232.03,  -98.46,  -64.93,    34.867,   80.0008,    47.023
 28103.5,  232.59, -146.19,  -60.94,    35.142,   80.0008,    47.000
 28105.2,  232.12, -115.10,  -61.12,    35.053,   80.0017,    47.038
 28107.0,  230.49, -402.40,  -61.11,    34.990,   80.0022,    47.017
 28108.6,  231.95, -326.31,  -60.64,    34.968,   80.0022,    47.000
 28110.3,  230.48, -160.49,  -48.92,    35.004,   80.0024,    47.000
 28112.0,  233.85, -146.31,  -68.14,    35.008,   80.0024,    47.056
 28113.7,  230.67, -406.23,  -60.93,    34.957,   80.0024,    47.042
 28115.3,  231.29, -130.36,  -54.46,    35.008,   80.0026,    47.062
 28116.9,  234.00, -425.80,  -74.30,    35.044,   80.0026,    47.014
 28118.6,  230.29, -421.04,  -54.54,    34.904,   80.0026,    47.051
 28120.4,  229.33, -493.14,  -45.70,    35.035,   80.0036,    47.062
 28122.1,  230.91, -614.07,  -55.71,    35.066,   80.0037,    47.062
 28123.8,  231.15, -402.18,  -53.57,    34.986,   80.0038,    47.062
 28125.5,  227.93, -440.13,  -45.14,    35.009,   80.0045,    47.062
 28127.2,  232.58, -253.43,  -62.99,    35.031,   80.0045,    47.048
 28128.9,  233.11, -372.27,  -66.94,    35.026,   80.0045,    47.037
 28130.6,  228.77, -281.10,  -44.57,    34.961,   80.0061,    47.023
 28132.3,  231.65, -335.82,  -58.00,    34.956,   80.0061,    47.000
 28135.4,  228.15, -371.09,  -45.10,    34.993,   80.0069,    47.000
 28137.1,  235.96, -312.30,  -76.86,    34.969,   80.0069,    47.000
 28138.8,  227.22, -451.93,  -41.93,    35.025,   80.0069,    47.033
 28140.4,  234.24, -300.57,  -71.30,    34.981,   80.0052,    47.008
 28142.1,  232.55, -320.57,  -62.81,    34.959,   80.0050,    47.017
 28143.8,  227.98, -677.29,  -47.61,    35.019,   80.0051,    47.040
 28145.5,  230.23, -404.16,  -55.68,    35.056,   80.0058,    47.000
 28147.2,  231.13, -580.08,  -60.69,    35.016,   80.0058,    47.017
 28149.0,  229.47, -614.46,  -55.72,    34.981,   80.0059,    47.058
 28150.7,  228.36, -512.85,  -49.88,    34.933,   80.0071,    47.000
 28152.4,  229.68, -311.17,  -52.13,    35.041,   80.0071,    47.000
 28154.1,  233.28, -232.54,  -66.34,    35.021,   80.0069,    47.000
 28155.7,  225.07, -424.50,  -40.43,    34.954,   80.0059,    47.037
 28157.3,  230.75, -742.28,  -66.65,    35.041,   80.0059,    47.042
 28158.9,  227.10, -147.11,  -42.57,    35.013,   80.0059,    47.000
 28160.6,  231.82, -346.46,  -72.52,    34.936,   80.0041,    47.021
 28162.3,  228.94, -298.95,  -55.48,    35.041,   80.0040,    47.000
 28164.0,  226.67, -377.00,  -53.40,    35.044,   80.0040,    47.021
 28167.2,  229.07, -569.55,  -58.24,    35.030,   80.0041,    47.000
 28169.0,  227.74, -391.85,  -57.70,    35.013,   80.0041,    47.035
 28170.7,  228.08, -361.47,  -54.95,    34.990,   80.0026,    47.025
 28172.4,  226.35, -465.50,  -49.98,    35.008,   80.0026,    47.062
 28174.1,  224.79, -304.29,  -49.16,    34.957,   80.0023,    47.046
 28175.8,  227.39, -425.98,  -53.83,    35.005,   80.0017,    47.057
 28177.5,  226.17, -382.54,  -53.70,    34.994,   80.0017,    47.006
 28179.2,  231.67, -269.17,  -71.17,    34.951,   80.0015,    47.062
 28180.9,  227.52, -207.58,  -51.36,    35.042,   80.0005,    47.062
 28182.6,  229.55, -387.51,  -56.52,    35.035,   80.0005,    47.062
 28184.3,  229.66, -342.39,  -61.26,    34.982,   80.0004,    47.062
 28186.0,  229.93, -474.25,  -59.65,    35.030,   80.0003,    47.062
 28187.7,  226.68, -828.92,  -45.78,    35.031,   80.0003,    47.062
 28189.5,  230.78, -255.89,  -61.74,    35.001,   80.0007,    47.062
 28191.2,  233.16, -229.93,  -66.02,    34.994,   80.0013,    47.062
 28193.0,  229.69, -473.61,  -47.16,    34.972,   80.0013,    47.062
 28194.7,  232.55, -398.38,  -61.45,    35.015,   80.0007,    47.062
 28196.4,  230.33, -344.58,  -52.85,    34.974,   80.0000,    47.028
 28199.5,  231.83, -200.05,  -52.38,    35.014,   79.9997,    47.040
 28201.2,  234.70, -479.13,  -66.44,    35.008,   79.9983,    47.033
 28203.0,  232.47, -332.77,  -50.83,    34.998,   79.9983,    47.028
 28204.8,  232.18, -433.08,  -56.89,    35.051,   79.9982,    47.062
 28206.5,  232.38, -335.32,  -57.49,    35.021,   79.9978,    47.062
 28208.3,  232.37, -207.37,  -58.79,    35.012,   79.9978,    47.055
 28210.0,  232.23, -460.59,  -55.21,    34.979,   79.9979,    47.062
 28211.8,  233.86, -404.76,  -64.65,    34.964,   79.9983,    47.062
 28213.5,  232.78, -170.19,  -57.62,    35.015,   79.9983,    47.062
 28215.2,  233.03, -553.57,  -63.50,    34.960,   79.9976,    47.062
 28216.9,  235.41,  -54.25,  -63.81,    34.928,   79.9964,    47.062
 28218.5,  237.82,  -81.82,  -73.66,    35.047,   79.9964,    47.062
 28220.2,  231.79, -173.81,  -50.34,    35.050,   79.9942,    47.062
 28221.9,  235.59, -428.65,  -66.23,    35.002,   79.9936,    47.062
 28223.6,  234.82, -333.34,  -58.20,    35.035,   79.9936,    47.062
 28225.3,  233.32, -380.75,  -58.09,    34.980,   79.9947,    47.062
 28227.0,  233.93, -359.94,  -51.72,    35.001,   79.9947,    47.062
 28228.6,  238.21, -361.33,  -72.04,    35.001,   79.9947,    47.062
 28231.7,  235.75, -501.50,  -62.02,    34.980,   79.9951,    47.062
 28233.4,  232.63, -312.10,  -41.99,    35.033,   79.9951,    47.066
 28235.1,  237.43, -352.43,  -68.51,    34.963,   79.9949,    47.080
 28236.7,  234.94, -368.01,  -49.46,    34.941,   79.9948,    47.062
 28238.4,  234.20, -369.93,  -54.90,    35.057,   79.9948,    47.062
 28240.0,  233.95, -317.92,  -58.36,    35.078,   79.9956,    47.075
 28241.8,  232.52, -240.94,  -48.45,    35.006,   79.9961,    47.124
 28243.6,  233.59, -293.96,  -56.05,    35.023,   79.9961,    47.062
 28245.4,  231.30, -590.80,  -52.67,    34.979,   79.9967,    47.062
 28247.1,  232.32, -251.93,  -57.50,    35.017,   79.9971,    47.062
 28248.8,  234.75, -585.69,  -66.69,    35.004,   79.9971,    47.062
 28250.5,  231.37, -512.52,  -54.10,    34.969,   79.9969,    47.062
 28252.2,  226.93, -667.95,  -45.53,    35.004,   79.9969,    47.062
 28253.9,  231.56, -435.82,  -62.08,    35.008,   79.9969,    47.062
 28255.6,  229.95, -487.55,  -56.97,    34.900,   79.9954,    47.062
 28257.3,  230.37, -448.17,  -60.00,    34.962,   79.9951,    47.062
 28259.0,  228.52, -385.42,  -47.79,    35.125,   79.9949,    47.062
 28260.8,  227.40, -303.61,  -52.48,    35.053,   79.9940,    47.062
 28263.9,  228.53, -274.97,  -58.09,    34.980,   79.9940,    47.062
 28265.6,  229.46, -276.54,  -57.14,    34.984,   79.9950,    47.062
 28267.3,  228.98, -211.70,  -54.37,    35.003,   79.9951,    47.062
 28269.0,  228.69, -368.02,  -65.62,    34.960,   79.9948,    47.062
 28270.6,  222.19, -460.69,  -37.60,    34.933,   79.9934,    47.062
 28272.3,  228.66, -356.90,  -67.43,    35.020,   79.9934,    47.062
 28273.9,  225.92, -227.70,  -52.93,    35.023,   79.9932,    47.062
 28275.6,  224.43, -626.53,  -58.81,    34.937,   79.9906,    47.062
 28277.4,  226.08, -352.82,  -56.37,    35.076,   79.9906,    47.062
 28279.2,  225.47, -628.95,  -56.63,    35.063,   79.9905,    47.062
 28280.9,  223.37, -361.43,  -54.55,    34.999,   79.9900,    47.062
 28282.6,  225.75, -358.51,  -61.40,    34.974,   79.9900,    47.082
 28284.2,  222.51, -307.67,  -51.65,    34.940,   79.9900,    47.102
 28286.0,  223.57, -499.84,  -55.19,    35.016,   79.9896,    47.125
 28287.6,  224.85, -398.64,  -63.81,    34.994,   79.9896,    47.125
 28289.4,  223.68, -209.55,  -56.06,    34.932,   79.9896,    47.125
 28291.1,  223.62, -418.27,  -52.93,    35.028,   79.9898,    47.110
 28292.8,  224.29, -185.96,  -54.26,    35.078,   79.9898,    47.071
 28295.9,  227.03, -223.81,  -64.50,    34.996,   79.9899,    47.062
 28297.6,  225.71, -296.09,  -66.27,    34.989,   79.9900,    47.112
 28299.2,  223.66, -136.98,  -45.09,    34.947,   79.9900,    47.125
 28300.8,  229.94, -461.96,  -76.83,    35.045,   79.9900,    47.125
 28302.5,  225.13, -530.02,  -47.37,    35.012,   79.9900,    47.125
 28304.2,  229.12, -389.17,  -68.83,    35.017,   79.9901,    47.125
 28305.8,  226.73, -423.94,  -50.86,    35.067,   79.9903,    47.125
 28307.5,  228.00, -433.38,  -52.53,    34.966,   79.9903,    47.125
 28309.1,  229.89, -180.49,  -62.24,    34.976,   79.9903,    47.125
 28310.8,  226.25, -540.72,  -45.09,    35.092,   79.9908,    47.125
 28312.5,  229.06, -523.45,  -59.42,    35.043,   79.9908,    47.125
 28314.3,  230.92, -289.22,  -63.88,    35.004,   79.9911,    47.125
 28316.1,  229.54, -503.19,  -52.65,    34.954,   79.9917,    47.125
 28317.8,  229.85, -411.10,  -54.85,    34.981,   79.9917,    47.125
 28319.5,  230.80, -579.62,  -58.19,    35.027,   79.9919,    47.125
 28321.2,  229.21, -159.94,  -44.18,    34.974,   79.9921,    47.125
 28322.9,  234.09, -566.05,  -64.55,    34.965,   79.9921,    47.125
 28324.6,  234.54, -330.18,  -65.55,    35.021,   79.9920,    47.125
 28327.6,  231.45, -331.26,  -55.52,    34.895,   79.9916,    47.125
 28329.3,  235.44, -504.22,  -66.91,    35.069,   79.9917,    47.125
 28331.0,  234.10, -417.98,  -58.20,    35.071,   79.9922,    47.140
 28332.7,  232.62, -282.36,  -50.53,    35.004,   79.9922,    47.142
 28334.4,  237.22, -488.45,  -59.68,    34.921,   79.9921,    47.129
 28336.1,  233.14, -383.82,  -46.46,    34.892,   79.9914,    47.140
 28337.7,  236.99, -534.43,  -60.53,    35.061,   79.9914,    47.171
 28339.5,  235.93,  -99.10,  -53.46,    35.083,   79.9903,    47.126
 28341.1,  239.90, -316.71,  -73.26,    35.005,   79.9886,    47.125
 28342.8,  232.61, -290.62,  -44.55,    34.998,   79.9886,    47.125
 28344.5,  234.57, -676.58,  -47.53,    34.996,   79.9888,    47.125
 28346.2,  236.79, -144.49,  -54.02,    35.039,   79.9893,    47.125
 28347.9,  233.20, -502.27,  -48.34,    35.004,   79.9893,    47.125
 28349.7,  236.65, -396.19,  -64.03,    34.977,   79.9890,    47.146
 28351.4,  233.59, -420.61,  -54.09,    34.934,   79.9885,    47.125
 28353.0,  238.18, -149.35,  -63.99,    34.983,   79.9885,    47.143
 28354.8,  232.87, -325.43,  -50.00,    35.000,   79.9881,    47.155
 28356.5,  234.48, -251.14,  -58.83,    35.022,   79.9878,    47.169
 28359.5,  235.58, -321.47,  -64.33,    35.016,   79.9877,    47.154
 28361.2,  231.67, -194.91,  -54.84,    34.957,   79.9875,    47.163
 28363.0,  231.25, -301.43,  -50.35,    35.026,   79.9875,    47.188
 28364.7,  229.48, -460.73,  -50.80,    35.027,   79.9875,    47.188
 28366.4,  228.85, -215.35,  -49.06,    34.997,   79.9876,    47.181
 28368.1,  231.53, -365.79,  -66.38,    34.895,   79.9876,    47.173
 28369.8,  225.92, -696.93,  -39.38,    34.921,   79.9866,    47.170
 28371.5,  234.07, -361.71,  -71.49,    35.110,   79.9859,    47.148
 28373.1,  228.34, -144.84,  -49.12,    35.072,   79.9859,    47.185
 28374.8,  232.12, -390.71,  -68.71,    34.988,   79.9869,    47.151
