apply_cal+QC/WISPER_raw_data/Raw_Data_Backup/WISPER_20160920_rawField.ict
40, 1001
David Noone
Oregon State University
Water Vapor Isotopic Analyzer (Picarro L2120i) - H2O concentration, D/H and 18O/16O isotope ratios (delta notation)
ORACLES
1, 1
2016, 09, 20, 2016, 09, 20
0
Start_UTC, seconds
6
1, 1, 1, 1, 1, 1
-9999, -9999, -9999, -9999, -9999, -9999
H2O_ppmv, ppmv
dD_permil, permil
d18O_permil, permil
pressure_cavity, torr
temp_cavity, degrees_celcius
temp_das, degrees_celcius
0
18
PI_CONTACT_INFO: Address: David Noone, CEOAS, Oregon State University, Corvallis OR 97331; email: nooned@oregonstate.edu
PLATFORM: NASA P3B (N426NA), sampling port side foward window from forward facing diffuser inlet
LOCATION: Aircraft location data decribed elsewhere
ASSOCIATED_DATA: see http://espoarchive.nasa.gov/archive/browse/oracles
INSTRUMENT_INFO: Water Vapor Isotopic Analyzer (Picarro L2120-i): cavity-ringdown tunable diode laser spectoscopy.
DATA_INFO: Units are ppmv for H2O and permil relative to SMOW for d18O and dD.
UNCERTAINTY: The absolute accuracy humidity dependent is in the range 1 % for H2O, 1 permil for dD and 0.5 permil for d18O.
ULOD_FLAG: -7777
ULOD_VALUE: N/A
LLOD_FLAG: -8888
LLOD_VALUE: N/A
DM_CONTACT_INFO: David Noone; Oregon State University; nooned@oregonstate.edu
PROJECT_INFO: ORACLES Mission August-October 2016; Southeast Atlantic/Walvis Bay, Namibia
STIPULATIONS_ON_USE: Until made public, only the ORACLES science team is allowed to use this data, per the ORACLES data protocol.
OTHER_COMMENTS: Data is uncalibrated, uncheck and not useful for science at this level
REVISION: RAW
RAW: Raw translation of Picarro output files to ICARTT format
Start_UTC, H2O_ppmv, dD_permil, d18O_permil, pressure_cavity, temp_cavity, temp_das
 23055.7,14118.14,  -52.28,  -37.85,    35.001,   78.3740,    41.750
 23057.7,14337.78, -102.77,  -19.92,    35.026,   78.3839,    41.750
[from data line 7421]
 36186.6,17443.54,  -87.74,  -15.73,    34.970,   79.9934,    50.188
 36188.3,17449.16,  -88.75,  -15.37,    34.984,   79.9934,    50.166
 36189.9,17456.98,  -88.24,  -15.10,    34.999,   79.9935,    50.188
 36191.6,17461.96,  -87.89,  -15.01,    35.016,   79.9936,    50.188
 36193.2,17453.57,  -87.22,  -15.76,    35.016,   79.9936,    50.188
 36194.9,17422.32,  -83.52,  -15.51,    34.974,   79.9938,    50.188
 36196.5,17427.85,  -87.12,  -15.16,    34.993,   79.9941,    50.188
 36198.2,17416.25,  -86.63,  -15.39,    34.963,   79.9941,    50.188
 36199.9,17426.30,  -87.93,  -15.12,    34.996,   79.9937,    50.209
 36201.6,17410.84,  -85.65,  -15.07,    35.016,   79.9934,    50.222
 36203.3,17422.03,  -84.82,  -15.42,    35.057,   79.9934,    50.188
 36206.3,17384.22,  -89.29,  -15.58,    34.978,   79.9942,    50.188
 36208.0,17356.93,  -86.00,  -15.61,    34.976,   79.9942,    50.219
 36209.7,17340.15,  -87.04,  -15.58,    34.975,   79.9934,    50.204
 36211.4,17330.75,  -85.80,  -15.46,    34.980,   79.9928,    50.250
 36213.0,17313.33,  -89.97,  -15.36,    34.985,   79.9928,    50.211
 36214.6,17268.86,  -84.06,  -16.05,    34.968,   79.9931,    50.210
 36216.2,17262.58,  -85.65,  -15.11,    35.016,   79.9936,    50.207
 36217.8,17251.29,  -85.73,  -14.97,    35.028,   79.9936,    50.188
 36219.5,17225.46,  -88.21,  -14.96,    35.012,   79.9940,    50.204
 36221.2,17201.27,  -85.56,  -15.23,    35.009,   79.9950,    50.208
 36222.9,17162.96,  -85.65,  -16.00,    34.985,   79.9950,    50.202
 36224.6,17148.23,  -89.42,  -15.72,    34.983,   79.9953,    50.188
 36226.2,17117.31,  -86.69,  -15.49,    34.991,   79.9963,    50.188
 36227.9,17091.29,  -86.36,  -14.81,    34.991,   79.9963,    50.222
 36229.6,17068.58,  -83.94,  -15.58,    34.994,   79.9963,    50.188
 36231.3,17039.37,  -86.73,  -14.86,    34.996,   79.9963,    50.188
 36233.0,17022.61,  -88.43,  -14.64,    35.030,   79.9963,    50.199
 36234.8,16999.23,  -86.59,  -15.14,    35.029,   79.9964,    50.250
 36237.8,16952.54,  -86.92,  -15.86,    35.000,   79.9967,    50.211
 36239.4,16975.37,  -92.80,  -15.63,    35.061,   79.9965,    50.226
 36241.1,16944.12,  -86.01,  -16.13,    35.029,   79.9963,    50.188
 36242.7,16932.42,  -91.91,  -15.33,    35.005,   79.9963,    50.197
 36244.3,16907.21,  -89.84,  -15.29,    35.010,   79.9965,    50.227
 36246.0,16880.34,  -90.93,  -15.37,    34.980,   79.9972,    50.223
 36247.7,16857.97,  -87.07,  -16.41,    34.993,   79.9972,    50.250
 36249.3,16851.80,  -89.65,  -15.71,    34.999,   79.9972,    50.229
 36250.9,16856.81,  -89.07,  -15.34,    35.000,   79.9961,    50.229
 36252.5,16860.21,  -89.38,  -15.75,    35.005,   79.9961,    50.250
 36254.2,16881.95,  -91.84,  -15.82,    35.011,   79.9961,    50.233
 36255.9,16900.34,  -89.53,  -15.93,    34.992,   79.9959,    50.250
 36257.5,16927.59,  -90.18,  -16.55,    35.005,   79.9958,    50.250
 36259.2,16949.24,  -91.50,  -15.92,    35.021,   79.9958,    50.250
 36261.0,16974.22,  -91.39,  -15.63,    35.031,   79.9944,    50.233
 36262.7,16982.06,  -89.55,  -16.16,    34.975,   79.9941,    50.211
 36264.4,17021.91,  -88.81,  -15.48,    35.000,   79.9941,    50.233
 36266.2,17044.65,  -87.52,  -15.95,    34.971,   79.9931,    50.250
 36269.3,17116.38,  -87.51,  -15.85,    34.991,   79.9929,    50.250
 36270.9,17134.53,  -87.51,  -16.18,    34.991,   79.9930,    50.250
 36272.6,17169.79,  -90.95,  -16.27,    34.982,   79.9930,    50.250
 36274.3,17206.88,  -92.59,  -15.44,    35.015,   79.9930,    50.250
 36276.0,17227.53,  -91.24,  -15.86,    35.008,   79.9938,    50.241
 36277.6,17248.80,  -90.64,  -16.11,    34.993,   79.9940,    50.222
 36279.3,17292.86,  -89.89,  -15.78,    35.011,   79.9944,    50.250
 36281.0,17313.39,  -90.34,  -15.62,    34.992,   79.9950,    50.250
 36282.6,17344.03,  -91.17,  -15.60,    34.976,   79.9950,    50.204
 36284.3,17387.86,  -87.81,  -15.75,    35.008,   79.9956,    50.244
 36286.0,17416.37,  -90.13,  -16.10,    34.990,   79.9969,    50.218
 36287.8,17452.61,  -89.92,  -15.94,    34.994,   79.9969,    50.217
 36289.5,17491.35,  -90.62,  -15.65,    35.003,   79.9975,    50.188
 36291.2,17511.92,  -90.38,  -15.57,    34.988,   79.9985,    50.188
 36293.0,17534.04,  -87.58,  -15.28,    34.985,   79.9985,    50.207
 36294.7,17579.41,  -89.29,  -15.50,    35.016,   79.9984,    50.229
 36296.3,17582.39,  -89.20,  -15.86,    34.983,   79.9982,    50.250
 36298.0,17599.15,  -88.25,  -15.87,    34.985,   79.9982,    50.250
 36301.1,17628.85,  -89.37,  -15.40,    34.990,   79.9982,    50.250
 36302.8,17642.55,  -87.37,  -15.47,    34.993,   79.9982,    50.250
 36304.4,17663.33,  -88.54,  -15.45,    35.006,   79.9987,    50.250
 36306.1,17673.17,  -88.52,  -15.43,    35.006,   79.9991,    50.227
 36307.8,17680.80,  -87.26,  -15.81,    34.994,   79.9991,    50.231
 36309.6,17691.86,  -90.41,  -15.76,    35.009,   79.9998,    50.250
 36311.2,17705.38,  -89.99,  -15.71,    35.007,   80.0017,    50.230
 36312.9,17712.95,  -87.85,  -15.31,    35.005,   80.0017,    50.217
 36314.6,17728.85,  -86.83,  -15.16,    35.040,   80.0017,    50.217
 36316.4,17722.58,  -87.58,  -15.61,    34.986,   80.0017,    50.250
 36318.1,17730.36,  -89.40,  -15.88,    35.000,   80.0017,    50.250
 36319.8,17733.22,  -87.33,  -15.30,    35.000,   80.0016,    50.250
 36321.5,17738.40,  -88.18,  -15.44,    35.002,   80.0015,    50.228
 36323.2,17748.83,  -88.12,  -15.65,    34.979,   80.0015,    50.211
 36325.0,17768.37,  -86.29,  -15.82,    35.009,   80.0012,    50.250
 36326.7,17763.40,  -85.64,  -15.24,    34.993,   80.0008,    50.250
 36328.5,17760.56,  -84.36,  -15.79,    34.986,   80.0008,    50.250
 36330.2,17761.28,  -84.73,  -15.47,    35.006,   80.0003,    50.250
 36333.2,17748.20,  -87.27,  -15.94,    34.981,   80.0001,    50.250
 36335.0,17764.76,  -85.23,  -15.73,    35.003,   79.9994,    50.250
 36336.7,17764.49,  -91.28,  -15.57,    35.027,   79.9993,    50.229
 36338.4,17759.33,  -87.34,  -16.00,    34.997,   79.9993,    50.250
 36340.2,17739.15,  -88.07,  -15.85,    34.978,   80.0001,    50.250
 36341.9,17748.12,  -86.02,  -15.75,    35.004,   80.0004,    50.250
 36343.6,17741.82,  -88.75,  -15.36,    35.000,   80.0004,    50.250
 36345.3,17735.14,  -87.27,  -15.46,    35.000,   80.0005,    50.250
 36346.9,17738.58,  -88.02,  -15.93,    34.985,   80.0005,    50.250
 36348.6,17727.93,  -89.70,  -16.33,    34.985,   80.0005,    50.250
 36350.3,17739.41,  -92.36,  -16.22,    35.018,   79.9995,    50.250
 36351.9,17738.51,  -85.07,  -16.00,    35.005,   79.9993,    50.250
 36353.5,17727.19,  -90.57,  -15.93,    34.969,   79.9993,    50.250
 36355.2,17745.32,  -88.80,  -15.70,    35.026,   79.9995,    50.250
 36357.0,17713.52,  -89.04,  -15.79,    35.020,   79.9995,    50.250
 36358.7,17710.31,  -88.23,  -15.96,    34.988,   79.9995,    50.250
 36360.4,17722.90,  -92.37,  -15.86,    35.015,   80.0006,    50.250
 36362.2,17719.63,  -88.04,  -15.41,    34.995,   80.0007,    50.250
 36365.2,17717.28,  -88.71,  -15.96,    35.010,   80.0019,    50.250
 36366.9,17720.79,  -86.00,  -15.73,    35.005,   80.0026,    50.250
 36368.6,17715.62,  -89.02,  -15.68,    34.991,   80.0025,    50.250
 36370.3,17716.07,  -87.98,  -15.27,    35.002,   80.0022,    50.250
 36371.9,17711.84,  -88.05,  -15.84,    35.001,   80.0022,    50.250
 36373.6,17700.43,  -85.35,  -15.94,    34.992,   80.0022,    50.265
 36375.4,17698.65,  -85.60,  -15.88,    35.000,   80.0025,    50.271
 36377.2,17710.85,  -88.67,  -15.53,    35.002,   80.0026,    50.250
 36379.0,17710.37,  -89.34,  -15.39,    35.005,   80.0026,    50.250
 36380.6,17713.81,  -88.19,  -15.25,    35.008,   80.0050,    50.272
 36382.3,17720.55,  -89.89,  -16.11,    34.999,   80.0051,    50.271
 36384.0,17718.32,  -91.04,  -15.86,    34.991,   80.0051,    50.250
 36385.8,17752.17,  -86.42,  -15.82,    35.043,   80.0052,    50.289
 36387.5,17738.90,  -85.11,  -15.40,    34.997,   80.0052,    50.293
 36389.3,17751.69,  -86.78,  -15.67,    35.000,   80.0051,    50.282
 36391.0,17768.93,  -86.64,  -15.55,    35.009,   80.0048,    50.268
 36392.7,17769.46,  -85.27,  -15.76,    34.994,   80.0048,    50.312
 36394.5,17780.16,  -89.40,  -15.78,    34.988,   80.0044,    50.277
 36397.6,17807.66,  -86.94,  -16.01,    35.008,   80.0039,    50.270
 36399.3,17811.54,  -88.60,  -15.62,    35.012,   80.0042,    50.282
 36401.1,17831.40,  -88.67,  -16.06,    35.004,   80.0045,    50.311
 36402.8,17842.14,  -88.26,  -15.75,    35.012,   80.0045,    50.275
 36404.5,17848.33,  -88.13,  -15.73,    35.003,   80.0041,    50.312
 36406.2,17851.56,  -87.92,  -15.84,    34.984,   80.0039,    50.291
 36407.9,17880.97,  -84.39,  -15.78,    34.996,   80.0039,    50.312
 36409.6,17888.71,  -85.87,  -15.64,    35.014,   80.0039,    50.296
 36411.3,17899.01,  -83.24,  -15.41,    34.969,   80.0047,    50.293
 36413.1,17915.16,  -90.50,  -15.64,    34.987,   80.0048,    50.312
 36414.8,17940.87,  -91.09,  -15.89,    35.006,   80.0051,    50.312
 36416.4,17941.13,  -86.63,  -16.46,    34.996,   80.0054,    50.295
 36418.1,17955.49,  -87.16,  -16.17,    34.993,   80.0054,    50.257
 36419.8,17982.69,  -89.76,  -15.66,    34.999,   80.0047,    50.250
 36421.6,17996.55,  -90.44,  -16.42,    34.994,   80.0038,    50.301
 36423.2,18006.42,  -92.12,  -15.66,    35.002,   80.0038,    50.312
 36424.9,18035.11,  -89.50,  -15.66,    35.021,   80.0047,    50.312
 36426.6,18042.39,  -88.11,  -16.09,    34.994,   80.0052,    50.312
 36429.7,18053.96,  -90.13,  -15.59,    34.999,   80.0054,    50.296
 36431.4,18067.01,  -86.81,  -15.95,    34.977,   80.0056,    50.312
 36433.0,18094.47,  -86.92,  -15.82,    35.009,   80.0056,    50.312
 36434.7,18103.98,  -87.41,  -15.69,    35.007,   80.0059,    50.312
 36436.4,18119.18,  -87.40,  -15.77,    35.000,   80.0064,    50.298
 36438.2,18110.73,  -89.10,  -15.84,    34.989,   80.0064,    50.305
 36439.8,18122.32,  -88.12,  -15.73,    34.982,   80.0071,    50.312
 36441.5,18158.75,  -87.93,  -15.67,    35.032,   80.0076,    50.312
 36443.2,18163.41,  -89.38,  -15.68,    35.016,   80.0076,    50.312
 36444.9,18166.60,  -89.40,  -15.93,    34.979,   80.0071,    50.295
 36446.7,18199.25,  -86.44,  -15.99,    35.006,   80.0068,    50.312
 36448.4,18198.16,  -89.77,  -15.86,    35.002,   80.0068,    50.312
 36450.1,18215.78,  -84.82,  -15.57,    35.002,   80.0061,    50.312
 36451.9,18226.49,  -88.70,  -16.38,    34.984,   80.0056,    50.312
 36453.6,18230.20,  -88.05,  -15.83,    35.006,   80.0056,    50.312
 36455.2,18238.62,  -84.29,  -15.79,    35.004,   80.0062,    50.312
 36456.8,18243.61,  -89.55,  -16.11,    35.002,   80.0065,    50.312
 36458.5,18244.39,  -85.54,  -15.71,    34.990,   80.0065,    50.312
 36461.5,18234.60,  -86.34,  -15.27,    34.966,   80.0057,    50.312
 36463.1,18247.14,  -85.38,  -15.56,    35.016,   80.0057,    50.312
 36464.8,18222.43,  -82.37,  -15.27,    35.012,   80.0064,    50.312
 36466.5,18207.18,  -84.73,  -16.32,    34.989,   80.0068,    50.312
 36468.2,18205.67,  -88.43,  -15.47,    34.995,   80.0068,    50.312
 36469.9,18213.65,  -81.37,  -15.60,    35.012,   80.0067,    50.295
 36471.6,18200.66,  -86.40,  -15.47,    35.009,   80.0066,    50.312
 36473.2,18205.43,  -85.95,  -15.49,    35.008,   80.0066,    50.312
 36474.9,18190.60,  -86.68,  -15.64,    34.998,   80.0057,    50.312
 36476.7,18191.78,  -86.97,  -15.84,    34.992,   80.0047,    50.312
 36478.3,18191.31,  -86.53,  -15.64,    34.997,   80.0047,    50.312
 36480.0,18182.47,  -90.58,  -15.48,    35.000,   80.0040,    50.312
 36481.7,18179.86,  -86.78,  -15.87,    34.978,   80.0037,    50.312
 36483.4,18190.58,  -88.11,  -16.04,    34.985,   80.0037,    50.312
 36485.0,18184.08,  -91.21,  -15.87,    34.993,   80.0039,    50.312
 36486.7,18198.47,  -86.58,  -16.05,    34.986,   80.0044,    50.312
 36488.3,18207.17,  -88.07,  -15.73,    35.013,   80.0044,    50.312
 36490.1,18201.62,  -83.99,  -16.17,    34.998,   80.0039,    50.312
 36493.2,18219.18,  -88.28,  -15.96,    35.020,   80.0037,    50.312
 36494.9,18232.15,  -85.01,  -15.57,    35.016,   80.0028,    50.312
 36496.6,18228.45,  -84.90,  -15.21,    35.038,   80.0022,    50.312
 36498.3,18215.84,  -87.34,  -15.95,    34.998,   80.0022,    50.312
 36500.0,18217.05,  -83.32,  -16.32,    34.986,   80.0025,    50.312
 36501.6,18222.57,  -84.75,  -15.41,    35.007,   80.0027,    50.312
 36503.3,18216.53,  -87.22,  -15.25,    35.003,   80.0027,    50.312
 36505.0,18213.29,  -86.22,  -15.74,    34.976,   80.0018,    50.312
 36506.7,18224.51,  -86.33,  -15.65,    35.013,   80.0013,    50.312
 36508.4,18220.37,  -85.67,  -15.21,    35.010,   80.0013,    50.312
 36510.0,18211.25,  -81.26,  -16.18,    34.985,   80.0016,    50.275
 36511.7,18202.44,  -86.51,  -15.94,    35.002,   80.0017,    50.293
 36513.4,18195.23,  -87.67,  -16.59,    34.981,   80.0017,    50.312
 36515.1,18192.26,  -86.40,  -16.12,    34.991,   80.0019,    50.278
 36516.8,18205.90,  -86.02,  -15.69,    35.011,   80.0020,    50.309
 36518.5,18211.83,  -85.35,  -15.53,    35.002,   80.0020,    50.312
 36520.3,18240.86,  -86.96,  -15.81,    35.025,   80.0023,    50.312
 36521.9,18243.99,  -85.54,  -15.97,    35.014,   80.0023,    50.312
 36525.0,18259.22,  -86.31,  -15.85,    34.980,   80.0018,    50.257
 36526.7,18267.83,  -87.98,  -15.63,    34.993,   80.0013,    50.309
 36528.4,18279.57,  -84.54,  -16.30,    34.975,   80.0013,    50.312
 36530.1,18288.13,  -85.45,  -16.05,    34.975,   80.0011,    50.312
 36531.7,18306.27,  -89.98,  -16.07,    35.004,   80.0009,    50.312
 36533.4,18307.64,  -87.64,  -16.11,    34.984,   80.0009,    50.312
 36535.1,18316.79,  -85.79,  -15.43,    35.007,   80.0014,    50.312
 36536.8,18305.88,  -88.14,  -15.24,    35.022,   80.0016,    50.312
 36538.5,18288.48,  -85.92,  -15.62,    34.971,   80.0016,    50.312
 36540.2,18297.27,  -84.63,  -15.55,    35.020,   80.0023,    50.312
 36541.9,18267.20,  -86.63,  -15.81,    34.999,   80.0028,    50.312
 36543.6,18258.62,  -84.60,  -15.79,    34.991,   80.0028,    50.312
 36545.3,18257.15,  -87.63,  -15.61,    35.020,   80.0021,    50.312
 36547.0,18235.76,  -88.44,  -15.39,    35.014,   80.0020,    50.312
 36548.8,18186.69,  -86.23,  -16.14,    34.987,   80.0020,    50.312
 36550.5,18177.21,  -86.67,  -15.87,    34.988,   80.0005,    50.312
 36552.2,18167.83,  -87.06,  -15.64,    34.995,   80.0003,    50.312
 36553.8,18152.85,  -91.12,  -15.89,    34.997,   80.0003,    50.334
 36556.8,18133.54,  -85.53,  -15.62,    35.019,   80.0000,    50.312
 36558.4,18111.61,  -87.17,  -16.04,    35.017,   80.0000,    50.312
 36560.1,18090.48,  -87.65,  -15.65,    34.993,   79.9999,    50.312
 36561.8,18084.06,  -86.13,  -15.50,    34.991,   79.9998,    50.312
 36563.5,18062.27,  -86.96,  -15.42,    34.983,   79.9998,    50.312
 36565.2,18047.65,  -88.86,  -15.82,    35.007,   80.0002,    50.312
 36566.9,18056.19,  -86.06,  -16.10,    35.026,   80.0003,    50.312
 36568.5,18046.18,  -91.12,  -16.11,    35.025,   80.0003,    50.312
 36570.3,18028.56,  -88.75,  -15.62,    35.018,   80.0002,    50.312
 36572.1,18006.69,  -89.17,  -15.99,    34.993,   80.0001,    50.312
 36573.8,18010.07,  -84.88,  -15.62,    34.994,   80.0002,    50.312
 36575.6,18005.59,  -85.39,  -16.08,    34.971,   80.0008,    50.312
 36577.3,18016.90,  -87.55,  -16.17,    35.010,   80.0008,    50.312
 36578.9,18021.59,  -87.94,  -16.34,    35.007,   80.0008,    50.312
 36580.5,18020.80,  -87.85,  -16.08,    35.001,   79.9997,    50.312
 36582.2,18021.61,  -90.62,  -16.18,    34.988,   79.9995,    50.312
 36583.9,18008.94,  -90.94,  -15.51,    34.979,   79.9995,    50.312
 36585.5,18008.02,  -86.11,  -15.73,    35.002,   79.9993,    50.312
 36588.6,17985.72,  -88.64,  -16.01,    34.980,   79.9992,    50.312
 36590.4,17985.96,  -86.65,  -15.65,    35.004,   79.9988,    50.312
 36592.1,17987.93,  -89.61,  -15.55,    35.034,   79.9987,    50.312
 36593.9,17971.38,  -86.19,  -16.10,    34.980,   79.9987,    50.312
