apply_cal+QC/WISPER_raw_data/Raw_Data_Backup/WISPER_20160920_rawField.ict
40, 1001
David Noone
Oregon State University
Water Vapor Isotopic Analyzer (Picarro L2120i) - H2O concentration, D/H and 18O/16O isotope ratios (delta notation)
ORACLES
1, 1
2016, 09, 20, 2016, 09, 20
0
Start_UTC, seconds
6
1, 1, 1, 1, 1, 1
-9999, -9999, -9999, -9999, -9999, -9999
H2O_ppmv, ppmv
dD_permil, permil
d18O_permil, permil
pressure_cavity, torr
temp_cavity, degrees_celcius
temp_das, degrees_celcius
0
18
PI_CONTACT_INFO: Address: David Noone, CEOAS, Oregon State University, Corvallis OR 97331; email: nooned@oregonstate.edu
PLATFORM: NASA P3B (N426NA), sampling port side foward window from forward facing diffuser inlet
LOCATION: Aircraft location data decribed elsewhere
ASSOCIATED_DATA: see http://espoarchive.nasa.gov/archive/browse/oracles
INSTRUMENT_INFO: Water Vapor Isotopic Analyzer (Picarro L2120-i): cavity-ringdown tunable diode laser spectoscopy.
DATA_INFO: Units are ppmv for H2O and permil relative to SMOW for d18O and dD.
UNCERTAINTY: The absolute accuracy humidity dependent is in the range 1 % for H2O, 1 permil for dD and 0.5 permil for d18O.
ULOD_FLAG: -7777
ULOD_VALUE: N/A
LLOD_FLAG: -8888
LLOD_VALUE: N/A
DM_CONTACT_INFO: David Noone; Oregon State University; nooned@oregonstate.edu
PROJECT_INFO: ORACLES Mission August-October 2016; Southeast Atlantic/Walvis Bay, Namibia
STIPULATIONS_ON_USE: Until made public, only the ORACLES science team is allowed to use this data, per the ORACLES data protocol.
OTHER_COMMENTS: Data is uncalibrated, uncheck and not useful for science at this level
REVISION: RAW
RAW: Raw translation of Picarro output files to ICARTT format
Start_UTC, H2O_ppmv, dD_permil, d18O_permil, pressure_cavity, temp_cavity, temp_das
 23055.7,14118.14,  -52.28,  -37.85,    35.001,   78.3740,    41.750
 23057.7,14337.78, -102.77,  -19.92,    35.026,   78.3839,    41.750
[from data line 6261]
 34140.5,13824.54,  -95.33,  -16.17,    34.991,   79.9991,    49.812
 34143.5,13847.25,  -94.00,  -16.43,    35.021,   79.9991,    49.777
 34145.3,13856.77,  -90.66,  -16.55,    35.020,   79.9993,    49.810
 34147.0,13845.08,  -92.93,  -16.38,    34.990,   79.9993,    49.770
 34148.7,13839.46,  -89.98,  -16.47,    34.996,   79.9993,    49.769
 34150.4,13851.66,  -91.42,  -16.91,    35.005,   79.9990,    49.759
 34152.0,13845.67,  -93.35,  -16.91,    34.989,   79.9990,    49.812
 34153.6,13842.98,  -95.32,  -16.44,    34.994,   79.9990,    49.797
 34155.2,13847.28,  -89.63,  -16.20,    34.986,   79.9998,    49.789
 34156.9,13864.91,  -94.52,  -17.24,    34.986,   80.0002,    49.791
 34158.5,13873.96,  -94.35,  -16.55,    35.023,   80.0002,    49.796
 34160.3,13872.84,  -94.70,  -16.44,    35.018,   79.9999,    49.780
 34162.0,13866.33,  -92.09,  -16.69,    35.011,   79.9998,    49.794
 34163.8,13860.88,  -91.81,  -16.67,    34.984,   79.9999,    49.812
 34165.5,13874.90,  -94.31,  -16.51,    34.990,   80.0005,    49.812
 34167.2,13861.05,  -95.07,  -16.77,    34.976,   80.0005,    49.812
 34168.9,13855.56,  -91.51,  -16.34,    34.973,   80.0005,    49.812
 34170.6,13872.29,  -93.37,  -16.63,    34.999,   79.9997,    49.812
 34172.3,13870.52,  -94.46,  -16.83,    35.016,   79.9997,    49.812
 34175.2,13854.77,  -89.58,  -16.84,    35.009,   79.9992,    49.812
 34176.8,13826.94,  -92.47,  -16.57,    34.994,   79.9991,    49.812
 34178.5,13819.03,  -86.57,  -16.42,    35.005,   79.9991,    49.812
 34180.3,13804.07,  -94.64,  -16.79,    35.024,   79.9999,    49.812
 34182.0,13793.69,  -91.22,  -16.49,    34.992,   80.0003,    49.812
 34183.8,13798.82,  -94.05,  -16.45,    34.998,   80.0002,    49.812
 34185.6,13798.38,  -91.87,  -16.88,    35.002,   79.9986,    49.812
 34187.3,13796.36,  -99.05,  -16.43,    34.997,   79.9986,    49.812
 34189.1,13799.42,  -89.07,  -16.50,    34.973,   79.9986,    49.812
 34190.8,13814.59,  -97.64,  -16.32,    35.009,   79.9993,    49.812
 34192.5,13831.43,  -90.32,  -16.28,    35.005,   79.9993,    49.812
 34194.2,13838.96,  -91.56,  -16.72,    35.021,   79.9992,    49.812
 34195.9,13835.85,  -94.59,  -16.83,    35.021,   79.9991,    49.812
 34197.6,13838.01,  -94.90,  -16.99,    34.995,   79.9991,    49.812
 34199.3,13831.14,  -95.80,  -16.28,    35.014,   79.9994,    49.812
 34201.0,13828.02,  -92.83,  -16.56,    34.998,   79.9998,    49.812
 34202.7,13810.01,  -90.45,  -16.75,    34.978,   79.9998,    49.812
 34204.5,13801.02,  -89.20,  -16.47,    34.972,   80.0007,    49.812
 34207.7,13774.48,  -93.09,  -16.99,    35.011,   80.0021,    49.812
 34209.4,13745.76,  -93.52,  -16.41,    35.002,   80.0022,    49.812
 34211.2,13720.69,  -94.28,  -16.15,    35.014,   80.0026,    49.812
 34213.0,13692.42,  -91.95,  -16.65,    35.019,   80.0026,    49.812
 34214.7,13665.63,  -93.65,  -16.50,    35.001,   80.0027,    49.812
 34216.5,13639.46,  -91.34,  -16.42,    34.978,   80.0029,    49.812
 34218.2,13632.41,  -97.38,  -17.27,    34.956,   80.0029,    49.812
 34219.8,13631.00,  -95.57,  -16.42,    35.002,   80.0021,    49.812
 34221.6,13640.45,  -91.72,  -15.81,    35.022,   80.0011,    49.812
 34223.3,13654.45,  -90.34,  -16.78,    35.009,   80.0011,    49.812
 34224.9,13672.45,  -92.43,  -16.94,    35.004,   80.0013,    49.812
 34226.6,13679.83,  -95.39,  -16.87,    35.000,   80.0014,    49.812
 34228.4,13692.40,  -92.88,  -15.85,    35.012,   80.0014,    49.812
 34230.0,13706.64,  -89.95,  -16.52,    35.012,   80.0018,    49.812
 34231.7,13713.35,  -90.10,  -16.61,    34.998,   80.0023,    49.812
 34233.4,13728.20,  -91.93,  -16.64,    34.979,   80.0023,    49.796
 34235.2,13754.78,  -92.13,  -16.73,    35.014,   80.0007,    49.812
 34236.9,13759.12,  -90.72,  -16.39,    34.985,   80.0001,    49.812
 34240.0,13775.30,  -95.93,  -17.15,    34.997,   79.9998,    49.812
 34241.7,13775.77,  -96.79,  -16.78,    35.007,   79.9995,    49.812
 34243.4,13777.22,  -92.56,  -17.18,    35.027,   79.9995,    49.812
 34245.2,13803.72,  -94.36,  -16.86,    35.005,   79.9995,    49.812
 34247.0,13851.63,  -91.98,  -16.31,    34.991,   79.9996,    49.812
 34248.7,13925.46,  -95.59,  -16.30,    35.004,   79.9996,    49.812
 34250.5,13995.66,  -93.13,  -16.84,    34.994,   80.0003,    49.812
 34252.2,14050.69,  -93.83,  -16.78,    34.985,   80.0005,    49.829
 34253.9,14100.65,  -93.31,  -15.95,    34.970,   80.0005,    49.812
 34255.6,14149.51,  -91.36,  -16.50,    35.008,   79.9992,    49.812
 34257.3,14171.79,  -90.42,  -16.87,    35.008,   79.9992,    49.812
 34258.9,14192.93,  -94.08,  -16.21,    35.007,   79.9992,    49.812
 34260.6,14229.85,  -92.99,  -16.53,    35.015,   79.9999,    49.812
 34262.4,14267.87,  -91.59,  -16.50,    35.005,   80.0000,    49.812
 34264.1,14291.83,  -92.26,  -16.33,    35.000,   80.0000,    49.812
 34265.8,14309.62,  -95.85,  -16.85,    34.989,   80.0005,    49.812
 34267.5,14330.41,  -94.37,  -16.34,    35.001,   80.0005,    49.812
 34269.3,14368.32,  -89.18,  -16.64,    34.984,   80.0003,    49.812
 34272.3,14450.63,  -95.30,  -16.53,    35.005,   79.9999,    49.841
 34274.0,14464.02,  -92.30,  -16.32,    35.020,   80.0000,    49.812
 34275.8,14459.43,  -91.80,  -16.25,    35.002,   80.0007,    49.812
 34277.5,14459.59,  -89.25,  -16.73,    34.982,   80.0007,    49.830
 34279.2,14483.83,  -93.72,  -16.32,    35.018,   80.0007,    49.838
 34280.9,14507.33,  -91.75,  -16.60,    35.019,   80.0000,    49.852
 34282.6,14523.29,  -92.27,  -16.46,    35.004,   80.0000,    49.830
 34284.3,14546.17,  -85.55,  -16.16,    34.996,   80.0000,    49.829
 34286.0,14568.72,  -92.80,  -16.15,    35.000,   80.0001,    49.851
 34287.7,14571.33,  -93.88,  -16.67,    34.996,   80.0001,    49.848
 34289.4,14556.90,  -94.00,  -16.78,    34.982,   79.9998,    49.832
 34291.1,14537.37,  -87.47,  -17.02,    34.985,   79.9991,    49.875
 34292.8,14515.72,  -94.94,  -15.79,    35.018,   79.9991,    49.875
 34294.6,14500.86,  -85.77,  -17.05,    35.007,   79.9991,    49.875
 34296.3,14486.01,  -92.25,  -16.61,    35.017,   79.9990,    49.855
 34298.1,14477.35,  -92.45,  -16.83,    35.003,   79.9990,    49.812
 34299.9,14442.69,  -87.92,  -16.60,    34.990,   79.9987,    49.812
 34301.7,14416.14,  -89.64,  -16.33,    34.993,   79.9985,    49.829
 34304.8,14370.27,  -90.37,  -16.05,    34.989,   79.9979,    49.875
 34306.5,14393.41,  -92.37,  -16.84,    34.996,   79.9973,    49.875
 34308.0,14428.64,  -88.88,  -16.53,    35.005,   79.9973,    49.842
 34309.7,14458.66,  -90.01,  -16.64,    35.003,   79.9976,    49.849
 34311.4,14500.58,  -88.65,  -16.26,    35.017,   79.9978,    49.838
 34313.1,14558.42,  -90.83,  -16.53,    35.003,   79.9978,    49.837
 34314.8,14668.78,  -91.29,  -16.33,    34.994,   79.9977,    49.859
 34316.5,14831.43,  -88.75,  -16.35,    35.010,   79.9977,    49.854
 34318.1,14982.60,  -92.75,  -16.45,    35.007,   79.9977,    49.875
 34319.7,15093.92,  -90.45,  -16.34,    34.989,   79.9980,    49.875
 34321.4,15175.65,  -91.28,  -16.44,    34.998,   79.9986,    49.859
 34323.1,15230.92,  -89.82,  -16.10,    35.010,   79.9986,    49.875
 34324.9,15264.43,  -90.10,  -16.63,    34.976,   79.9986,    49.834
 34326.5,15311.74,  -86.50,  -17.04,    34.993,   79.9986,    49.875
 34328.1,15336.64,  -89.69,  -16.26,    34.991,   79.9986,    49.842
 34329.9,15377.36,  -90.49,  -16.35,    35.026,   79.9988,    49.875
 34331.5,15414.92,  -92.57,  -16.27,    35.018,   79.9990,    49.875
 34333.2,15452.24,  -93.37,  -16.08,    35.015,   79.9990,    49.875
 34336.3,15524.59,  -92.24,  -16.06,    35.012,   79.9984,    49.875
 34338.1,15553.01,  -90.12,  -16.12,    35.005,   79.9984,    49.875
 34339.7,15555.96,  -86.43,  -16.66,    34.989,   79.9982,    49.875
 34341.4,15541.19,  -91.35,  -16.47,    34.973,   79.9979,    49.875
 34343.1,15542.09,  -91.47,  -16.30,    34.980,   79.9979,    49.875
 34344.7,15551.30,  -91.64,  -16.25,    35.011,   79.9975,    49.875
 34346.4,15542.00,  -89.42,  -16.32,    35.034,   79.9965,    49.875
 34348.2,15500.64,  -89.72,  -16.32,    35.015,   79.9965,    49.875
 34349.9,15430.06,  -90.23,  -16.57,    34.968,   79.9961,    49.875
 34351.6,15347.45,  -86.57,  -16.31,    34.982,   79.9958,    49.875
 34353.4,15238.54,  -91.56,  -15.85,    35.009,   79.9958,    49.875
 34355.2,15107.58,  -86.44,  -16.08,    35.015,   79.9963,    49.875
 34356.9,14979.61,  -93.83,  -16.47,    35.000,   79.9969,    49.875
 34358.6,14879.73,  -91.78,  -17.07,    34.995,   79.9969,    49.902
 34360.3,14825.49,  -87.59,  -16.59,    34.989,   79.9967,    49.938
 34362.0,14810.10,  -89.18,  -16.35,    34.980,   79.9967,    49.903
 34363.7,14799.36,  -89.61,  -16.67,    34.993,   79.9967,    49.875
 34365.4,14761.26,  -93.22,  -16.56,    35.004,   79.9977,    49.934
 34368.4,14632.45,  -87.95,  -16.13,    35.017,   79.9977,    49.906
 34370.1,14547.09,  -90.13,  -16.44,    35.024,   79.9981,    49.877
 34371.9,14469.34,  -89.40,  -16.86,    34.984,   79.9983,    49.929
 34373.6,14444.57,  -89.12,  -16.57,    35.008,   79.9983,    49.892
 34375.3,14431.10,  -91.92,  -16.33,    35.015,   79.9974,    49.911
 34377.0,14395.78,  -91.32,  -16.66,    34.987,   79.9972,    49.875
 34378.7,14325.10,  -84.11,  -16.30,    34.976,   79.9971,    49.875
 34380.5,14267.66,  -90.40,  -16.39,    34.976,   79.9967,    49.875
 34382.1,14241.02,  -90.16,  -16.31,    35.025,   79.9967,    49.875
 34383.8,14191.23,  -91.36,  -16.77,    35.011,   79.9967,    49.888
 34385.5,14161.35,  -91.36,  -17.24,    34.960,   79.9980,    49.914
 34387.1,14153.78,  -85.18,  -16.50,    34.993,   79.9981,    49.898
 34388.8,14141.15,  -87.98,  -16.23,    35.028,   79.9981,    49.875
 34390.5,14130.30,  -89.61,  -16.89,    35.012,   79.9991,    49.891
 34392.2,14114.37,  -92.82,  -16.29,    35.018,   79.9993,    49.875
 34394.0,14102.56,  -91.17,  -16.89,    35.004,   79.9996,    49.875
 34395.7,14092.96,  -92.97,  -16.56,    35.002,   80.0009,    49.875
 34397.4,14096.85,  -88.47,  -16.75,    34.989,   80.0009,    49.896
 34400.5,14142.21,  -91.63,  -16.78,    34.982,   80.0003,    49.883
 34402.2,14215.49,  -96.17,  -17.12,    34.992,   80.0001,    49.876
 34403.8,14287.52,  -92.43,  -16.46,    35.017,   80.0001,    49.895
 34405.4,14329.12,  -92.25,  -15.94,    35.024,   79.9999,    49.875
 34407.2,14365.29,  -87.71,  -16.37,    34.988,   79.9998,    49.875
 34409.0,14433.62,  -91.56,  -16.42,    35.004,   79.9998,    49.875
 34410.7,14482.61,  -92.90,  -16.22,    35.002,   80.0001,    49.875
 34412.4,14526.27,  -90.69,  -16.60,    34.993,   80.0001,    49.875
 34414.1,14572.52,  -96.26,  -16.65,    35.006,   80.0001,    49.875
 34415.8,14595.23,  -89.29,  -16.79,    34.988,   79.9998,    49.875
 34417.4,14634.61,  -88.66,  -15.98,    34.987,   79.9998,    49.891
 34419.1,14674.91,  -91.65,  -16.54,    35.024,   79.9998,    49.897
 34420.8,14678.74,  -92.03,  -16.59,    34.987,   80.0003,    49.900
 34422.4,14676.75,  -92.88,  -16.45,    35.000,   80.0003,    49.938
 34424.1,14666.65,  -93.44,  -16.45,    34.995,   80.0004,    49.938
 34425.8,14671.06,  -92.22,  -16.66,    35.004,   80.0008,    49.938
 34427.4,14683.91,  -93.72,  -16.04,    35.022,   80.0008,    49.938
 34429.1,14701.14,  -89.17,  -16.71,    35.031,   80.0008,    49.913
 34432.1,14698.95,  -90.57,  -16.25,    34.990,   80.0003,    49.938
 34433.8,14704.77,  -89.76,  -16.16,    35.005,   80.0003,    49.938
 34435.6,14695.16,  -93.32,  -16.47,    34.981,   79.9997,    49.938
 34437.3,14685.19,  -88.36,  -17.07,    34.977,   79.9997,    49.938
 34438.9,14643.06,  -95.92,  -16.31,    34.972,   79.9997,    49.938
 34440.7,14605.69,  -88.18,  -16.20,    35.005,   79.9997,    49.938
 34442.3,14589.70,  -90.12,  -16.82,    35.029,   79.9997,    49.938
 34444.0,14550.00,  -94.94,  -16.59,    35.000,   79.9997,    49.938
 34445.7,14524.44,  -92.42,  -16.47,    34.987,   79.9996,    49.938
 34447.4,14524.81,  -89.78,  -15.80,    34.991,   79.9996,    49.938
 34449.2,14531.84,  -88.50,  -16.36,    35.013,   79.9996,    49.938
 34450.9,14530.90,  -96.41,  -16.08,    35.004,   79.9995,    49.941
 34452.5,14500.35,  -87.29,  -16.37,    34.999,   79.9995,    49.973
 34454.2,14460.79,  -94.19,  -16.40,    34.963,   79.9996,    49.938
 34455.8,14433.52,  -91.65,  -16.94,    34.996,   80.0008,    49.938
 34457.5,14405.50,  -88.22,  -16.43,    35.026,   80.0008,    49.958
 34459.3,14378.50,  -89.26,  -16.61,    35.014,   80.0007,    50.000
 34461.1,14377.11,  -88.27,  -15.98,    34.999,   80.0000,    50.000
 34464.2,14393.73,  -91.15,  -16.16,    35.011,   80.0000,    49.985
 34466.0,14403.80,  -87.78,  -16.62,    35.024,   80.0012,    49.954
 34467.7,14424.50,  -90.21,  -16.65,    34.995,   80.0013,    50.000
 34469.5,14479.84,  -90.67,  -16.52,    34.973,   80.0012,    49.986
 34471.1,14565.63,  -93.73,  -16.21,    34.994,   80.0005,    49.979
 34472.8,14675.90,  -92.72,  -16.79,    34.988,   80.0005,    49.993
 34474.4,14789.31,  -88.70,  -16.09,    34.983,   80.0005,    49.971
 34476.1,14906.28,  -93.28,  -16.42,    34.974,   80.0008,    49.983
 34477.8,15020.46,  -93.19,  -15.92,    35.037,   80.0009,    50.000
 34479.5,15052.10,  -90.93,  -16.19,    35.025,   80.0010,    49.973
 34481.3,15012.91,  -89.76,  -16.81,    35.005,   80.0010,    49.956
 34482.9,14911.40,  -91.26,  -16.38,    35.004,   80.0010,    49.994
 34484.7,14767.85,  -88.98,  -16.68,    35.011,   80.0017,    50.000
 34486.5,14616.71,  -93.24,  -16.66,    35.009,   80.0025,    49.983
 34488.2,14519.72,  -90.66,  -16.19,    34.992,   80.0025,    49.981
 34489.9,14448.01,  -88.03,  -16.74,    34.970,   80.0021,    49.976
 34491.6,14381.47,  -92.76,  -16.46,    34.995,   80.0018,    49.994
 34493.2,14296.66,  -96.25,  -16.51,    35.017,   80.0018,    49.975
 34496.3,14169.35,  -85.40,  -17.06,    34.987,   80.0012,    49.981
 34498.0,14171.63,  -89.38,  -16.61,    35.001,   80.0012,    50.000
 34499.8,14281.36,  -88.83,  -16.83,    35.023,   80.0009,    50.000
 34501.5,14465.72,  -87.08,  -16.51,    35.009,   80.0003,    50.000
 34503.2,14602.92,  -92.31,  -16.10,    35.001,   80.0003,    50.000
 34505.0,14649.51,  -96.94,  -15.61,    35.008,   79.9997,    50.000
 34506.7,14653.03,  -89.34,  -16.57,    35.000,   79.9990,    50.000
 34508.4,14658.97,  -94.25,  -16.54,    34.983,   79.9990,    50.000
 34510.0,14670.51,  -90.68,  -16.78,    34.970,   79.9994,    50.000
 34511.7,14663.35,  -90.10,  -16.58,    34.992,   79.9999,    50.000
 34513.3,14640.69,  -89.29,  -16.51,    35.023,   79.9999,    50.000
 34515.0,14577.63,  -88.94,  -16.38,    35.001,   80.0004,    50.000
 34516.7,14505.69,  -90.40,  -16.19,    35.016,   80.0009,    50.000
 34518.4,14458.61,  -91.33,  -16.85,    35.003,   80.0009,    50.000
 34520.1,14423.82,  -92.71,  -16.53,    35.019,   80.0024,    50.000
 34521.8,14357.83,  -90.71,  -16.83,    35.014,   80.0028,    50.000
 34523.5,14280.07,  -89.82,  -16.45,    35.008,   80.0028,    50.000
 34525.2,14186.44,  -93.47,  -16.69,    34.994,   80.0029,    50.000
 34528.2,14080.18,  -91.70,  -17.35,    34.999,   80.0029,    50.000
 34529.8,14030.85,  -92.37,  -16.54,    34.982,   80.0032,    50.000
 34531.5,13999.49,  -91.05,  -16.60,    35.005,   80.0038,    50.000
 34533.2,13940.84,  -94.35,  -16.87,    35.015,   80.0038,    50.000
 34534.9,13857.96,  -88.49,  -16.84,    34.984,   80.0041,    50.000
 34536.7,13799.38,  -90.22,  -17.15,    34.995,   80.0045,    50.000
 34538.4,13751.35,  -91.55,  -16.63,    35.044,   80.0045,    50.000
 34540.2,13694.56,  -91.51,  -17.19,    35.004,   80.0060,    50.000
 34541.8,13655.50,  -93.57,  -17.37,    34.977,   80.0065,    50.000
 34543.5,13613.88,  -94.01,  -17.24,    34.938,   80.0065,    50.000
 34545.2,13617.39,  -90.98,  -16.58,    35.017,   80.0068,    50.000
 34546.8,13621.25,  -92.52,  -16.28,    35.087,   80.0069,    50.000
 34548.4,13590.72,  -91.33,  -16.58,    35.042,   80.0069,    50.000
 34550.0,13566.20,  -90.94,  -17.04,    34.993,   80.0067,    50.000
