apply_cal+QC/WISPER_raw_data/Raw_Data_Backup/WISPER_20160925_rawField.ict
40, 1001
David Noone
Oregon State University
Water Vapor Isotopic Analyzer (Picarro L2120i) - H2O concentration, D/H and 18O/16O isotope ratios (delta notation)
ORACLES
1, 1
2016, 09, 25, 2016, 09, 25
0
Start_UTC, seconds
6
1, 1, 1, 1, 1, 1
-9999, -9999, -9999, -9999, -9999, -9999
H2O_ppmv, ppmv
dD_permil, permil
d18O_permil, permil
pressure_cavity, torr
temp_cavity, degrees_celcius
temp_das, degrees_celcius
0
18
PI_CONTACT_INFO: Address: David Noone, CEOAS, Oregon State University, Corvallis OR 97331; email: nooned@oregonstate.edu
PLATFORM: NASA P3B (N426NA), sampling port side foward window from forward facing diffuser inlet
LOCATION: Aircraft location data decribed elsewhere
ASSOCIATED_DATA: see http://espoarchive.nasa.gov/archive/browse/oracles
INSTRUMENT_INFO: Water Vapor Isotopic Analyzer (Picarro L2120-i): cavity-ringdown tunable diode laser spectoscopy.
DATA_INFO: Units are ppmv for H2O and permil relative to SMOW for d18O and dD.
UNCERTAINTY: The absolute accuracy humidity dependent is in the range 1 % for H2O, 1 permil for dD and 0.5 permil for d18O.
ULOD_FLAG: -7777
ULOD_VALUE: N/A
LLOD_FLAG: -8888
LLOD_VALUE: N/A
DM_CONTACT_INFO: David Noone; Oregon State University; nooned@oregonstate.edu
PROJECT_INFO: ORACLES Mission August-October 2016; Southeast Atlantic/Walvis Bay, Namibia
STIPULATIONS_ON_USE: Until made public, only the ORACLES science team is allowed to use this data, per the ORACLES data protocol.
OTHER_COMMENTS: Data is uncalibrated, uncheck and not useful for science at this level
REVISION: RAW
RAW: Raw translation of Picarro output files to ICARTT format
Start_UTC, H2O_ppmv, dD_permil, d18O_permil, pressure_cavity, temp_cavity, temp_das
 25558.1, 6751.38, -100.94,   -0.34,    35.005,   78.4513,    40.562
 25560.1, 6787.36,  -54.91,  -12.11,    35.013,   78.4981,    40.562
[from data line 16232]
 56187.4, 1416.27,  -93.97,  -22.55,    35.011,   80.0024,    48.720
 56189.1, 1439.13, -136.73,  -23.29,    35.017,   80.0024,    48.726
 56190.8, 1480.00, -117.37,  -22.83,    35.034,   80.0020,    48.688
 56192.5, 1557.92, -160.56,  -22.08,    34.982,   80.0020,    48.688
 56194.2, 1645.03, -148.75,  -23.86,    34.994,   80.0027,    48.688
 56195.9, 1705.77, -101.61,  -22.23,    35.005,   80.0043,    48.688
 56197.6, 1734.86, -156.90,  -24.15,    34.978,   80.0043,    48.688
 56199.2, 1726.66, -122.76,  -20.63,    35.020,   80.0040,    48.688
 56201.1, 1705.28, -150.16,  -22.00,    35.012,   80.0034,    48.688
 56202.8, 1689.44, -122.94,  -23.45,    35.005,   80.0034,    48.688
 56204.5, 1669.56, -103.50,  -21.16,    35.009,   80.0032,    48.688
 56207.6, 1661.33, -125.95,  -23.94,    34.993,   80.0026,    48.688
 56209.3, 1656.37, -130.26,  -26.87,    34.980,   80.0026,    48.688
 56210.9, 1643.72, -172.09,  -25.62,    35.019,   80.0026,    48.688
 56212.7, 1617.93, -130.09,  -23.69,    35.009,   80.0026,    48.688
 56214.5, 1577.86, -122.16,  -20.44,    34.993,   80.0024,    48.688
 56216.2, 1540.72, -196.43,  -24.31,    34.996,   80.0020,    48.688
 56217.9, 1500.02, -106.40,  -25.11,    34.983,   80.0020,    48.688
 56219.5, 1461.13, -165.63,  -22.27,    35.006,   80.0020,    48.688
 56221.2, 1451.67, -144.78,  -25.83,    35.011,   80.0021,    48.688
 56222.8, 1461.20, -134.26,  -20.95,    35.027,   80.0021,    48.688
 56224.6, 1501.80, -145.15,  -23.68,    35.005,   80.0018,    48.688
 56226.3, 1533.93, -167.66,  -24.58,    35.008,   80.0014,    48.688
 56228.0, 1519.59, -154.14,  -20.22,    35.004,   80.0014,    48.688
 56229.7, 1484.01, -151.34,  -25.81,    35.022,   80.0012,    48.688
 56231.3, 1403.79, -139.87,  -19.79,    34.999,   80.0010,    48.739
 56233.1, 1309.88, -217.61,  -27.55,    34.987,   80.0010,    48.691
 56234.8, 1209.76,  -77.81,  -23.67,    34.996,   80.0007,    48.726
 56236.4, 1113.48, -158.86,  -19.11,    34.995,   80.0004,    48.735
 56239.5,  962.52,  -70.10,  -20.65,    35.000,   80.0000,    48.704
 56241.3,  901.85, -143.31,  -29.09,    35.007,   79.9996,    48.741
 56243.0,  838.83, -167.64,  -16.45,    34.980,   79.9996,    48.750
 56244.7,  800.45, -173.72,  -28.11,    34.999,   79.9994,    48.735
 56246.5,  752.40,  -80.43,  -21.16,    34.987,   79.9993,    48.750
 56248.2,  716.16, -174.20,  -24.49,    35.002,   79.9993,    48.750
 56250.0,  683.37, -107.91,  -30.84,    35.004,   79.9998,    48.750
 56251.7,  642.85, -289.36,  -18.08,    35.026,   80.0003,    48.750
 56253.3,  618.82,  -70.89,  -26.97,    35.026,   80.0003,    48.750
 56255.0,  594.71, -116.38,  -26.18,    35.029,   79.9989,    48.750
 56256.8,  569.89, -123.84,  -26.86,    35.005,   79.9971,    48.750
 56258.5,  549.10, -191.87,  -26.36,    34.986,   79.9971,    48.750
 56260.2,  527.70, -126.21,  -19.23,    34.982,   79.9983,    48.750
 56262.1,  515.10, -244.73,  -25.93,    34.985,   79.9989,    48.750
 56263.8,  499.60,  -78.30,  -23.54,    34.998,   79.9989,    48.750
 56265.6,  488.49, -177.48,  -26.28,    35.026,   79.9985,    48.750
 56267.4,  472.68, -218.67,  -21.41,    34.992,   79.9984,    48.750
 56269.1,  467.33, -178.18,  -27.64,    34.997,   79.9984,    48.750
 56272.2,  451.07, -238.57,  -28.33,    35.011,   79.9997,    48.750
 56273.9,  442.83,  -82.00,  -23.42,    35.016,   79.9997,    48.750
 56275.6,  439.06, -214.98,  -33.00,    35.023,   80.0004,    48.750
 56277.3,  430.53, -190.05,  -27.87,    35.000,   80.0004,    48.750
 56279.0,  430.41, -206.35,  -34.97,    35.007,   80.0008,    48.750
 56280.7,  421.11,  -63.98,  -25.19,    35.012,   80.0027,    48.750
 56282.5,  422.23, -169.87,  -38.67,    35.009,   80.0027,    48.750
 56284.2,  411.47, -181.27,  -24.59,    34.951,   80.0031,    48.750
 56285.9,  410.48, -201.87,  -33.55,    34.986,   80.0054,    48.750
 56287.6,  405.27,  -15.16,  -24.24,    35.019,   80.0054,    48.750
 56289.2,  406.11, -224.48,  -35.82,    34.994,   80.0052,    48.750
 56290.8,  403.77, -248.27,  -32.26,    35.021,   80.0045,    48.750
 56292.5,  397.73,  -85.63,  -31.02,    34.992,   80.0045,    48.750
 56294.2,  401.42, -141.28,  -41.00,    34.993,   80.0045,    48.750
 56295.8,  397.21,   15.26,  -34.69,    35.013,   80.0042,    48.750
 56297.5,  388.88, -123.07,  -23.07,    35.036,   80.0042,    48.750
 56299.3,  398.07,  -99.04,  -45.13,    35.047,   80.0042,    48.750
 56301.0,  386.94, -106.52,  -27.68,    34.993,   80.0050,    48.750
 56304.1,  389.17,  -55.28,  -34.96,    34.983,   80.0049,    48.750
 56305.9,  387.66, -222.71,  -34.77,    34.984,   80.0041,    48.750
 56307.6,  388.28,  -52.27,  -37.17,    35.036,   80.0041,    48.750
 56309.4,  389.03,   10.05,  -43.94,    35.002,   80.0035,    48.750
 56311.1,  385.03, -238.37,  -34.90,    35.012,   80.0017,    48.750
 56312.8,  384.42, -193.00,  -35.26,    34.994,   80.0017,    48.750
 56314.5,  383.02,   29.16,  -37.37,    34.990,   80.0011,    48.750
 56316.2,  381.40, -126.82,  -35.37,    34.996,   79.9993,    48.750
 56318.0,  383.58, -161.70,  -44.45,    34.989,   79.9993,    48.750
 56319.7,  378.64, -124.89,  -32.54,    35.010,   79.9990,    48.750
 56321.3,  382.08, -146.50,  -43.38,    34.999,   79.9981,    48.750
 56323.0,  378.10,  -94.41,  -37.11,    35.010,   79.9981,    48.750
 56324.7,  378.59,  -80.61,  -40.49,    35.000,   79.9979,    48.750
 56326.3,  374.94, -133.78,  -34.84,    34.974,   79.9972,    48.750
 56328.0,  379.61, -220.02,  -47.81,    34.979,   79.9972,    48.750
 56329.7,  374.40, -115.39,  -33.54,    34.984,   79.9978,    48.750
 56331.4,  379.94, -174.91,  -51.48,    35.000,   79.9987,    48.750
 56333.1,  370.92, -292.71,  -27.68,    35.006,   79.9987,    48.767
 56336.2,  373.04, -141.31,  -36.50,    35.023,   80.0001,    48.769
 56337.8,  380.30, -205.26,  -50.74,    35.046,   80.0001,    48.788
 56339.5,  369.69, -115.04,  -35.03,    35.005,   80.0008,    48.750
 56341.2,  375.52, -177.43,  -43.96,    34.980,   80.0020,    48.750
 56342.8,  367.62, -158.86,  -31.43,    34.993,   80.0020,    48.796
 56344.5,  375.26, -200.51,  -50.54,    35.018,   80.0024,    48.812
 56346.2,  369.10, -157.11,  -37.93,    34.982,   80.0038,    48.812
 56347.9,  374.90, -148.49,  -52.37,    34.991,   80.0038,    48.750
 56349.7,  369.45, -262.45,  -42.02,    34.999,   80.0040,    48.750
 56351.5,  373.93, -195.63,  -52.79,    34.993,   80.0044,    48.810
 56353.1,  371.14, -253.96,  -43.13,    35.015,   80.0044,    48.812
 56354.8,  369.54, -175.85,  -40.48,    35.017,   80.0041,    48.812
 56356.5,  371.61,  -75.64,  -48.25,    35.020,   80.0033,    48.812
 56358.1,  372.02, -161.59,  -48.21,    34.999,   80.0033,    48.812
 56359.8,  370.99, -240.90,  -47.84,    34.956,   80.0025,    48.812
 56361.5,  371.02, -144.20,  -51.29,    34.982,   80.0017,    48.812
 56363.2,  366.97, -247.27,  -39.64,    34.983,   80.0017,    48.812
 56364.9,  369.23, -210.91,  -47.90,    34.991,   80.0009,    48.812
 56368.0,  369.91, -161.14,  -48.87,    35.022,   80.0005,    48.812
 56369.6,  365.41, -249.40,  -41.78,    34.989,   80.0005,    48.812
 56371.3,  366.29, -139.88,  -43.48,    34.976,   80.0004,    48.812
 56373.0,  366.00, -187.54,  -49.91,    34.969,   80.0004,    48.812
 56374.7,  364.01, -306.74,  -42.64,    35.001,   80.0000,    48.812
 56376.5,  365.28,  -48.99,  -50.35,    35.020,   79.9994,    48.812
 56378.2,  365.46, -332.03,  -47.37,    35.014,   79.9994,    48.812
 56379.8,  364.83, -450.53,  -51.66,    34.990,   79.9999,    48.812
 56381.5,  365.12, -157.90,  -51.57,    34.977,   80.0000,    48.812
 56383.2,  360.17, -111.41,  -44.88,    34.983,   80.0000,    48.812
 56384.9,  363.13, -393.04,  -49.84,    35.014,   80.0000,    48.828
 56386.7,  359.39, -206.31,  -44.39,    35.032,   80.0000,    48.824
 56388.5,  360.91, -188.75,  -52.91,    34.979,   80.0000,    48.823
 56390.3,  358.45, -266.20,  -49.17,    35.004,   80.0006,    48.812
 56392.0,  357.42, -233.33,  -44.68,    35.038,   80.0009,    48.812
 56393.7,  360.79, -314.39,  -56.16,    35.021,   80.0009,    48.829
 56395.5,  353.22, -220.35,  -42.07,    34.993,   80.0002,    48.830
 56397.2,  359.16, -189.50,  -56.12,    34.993,   80.0002,    48.812
 56400.3,  356.85, -283.73,  -54.33,    34.968,   80.0007,    48.812
 56402.0,  352.03, -166.55,  -42.10,    34.943,   80.0009,    48.850
 56403.7,  355.80, -324.90,  -51.50,    34.973,   80.0009,    48.836
 56405.4,  352.11, -132.22,  -44.93,    34.999,   80.0004,    48.812
 56407.1,  358.43, -225.78,  -58.55,    35.039,   80.0002,    48.812
 56408.8,  349.98, -395.37,  -40.26,    35.024,   80.0002,    48.812
 56410.4,  355.82, -335.71,  -59.76,    35.029,   80.0000,    48.812
 56412.1,  347.72, -232.52,  -33.65,    35.001,   80.0000,    48.812
 56413.9,  353.41, -328.07,  -58.17,    34.967,   80.0000,    48.812
 56415.5,  347.42, -296.17,  -41.46,    34.976,   79.9998,    48.812
 56417.2,  354.40, -295.61,  -58.70,    35.014,   79.9998,    48.812
 56418.9,  348.24, -364.25,  -43.01,    35.023,   79.9998,    48.812
 56420.6,  353.08, -149.59,  -60.25,    34.973,   80.0001,    48.812
 56422.2,  348.15, -179.95,  -49.86,    35.004,   80.0001,    48.812
 56423.9,  352.25, -261.41,  -58.22,    35.004,   80.0001,    48.812
 56425.7,  348.48, -248.45,  -51.81,    34.988,   79.9992,    48.812
 56427.4,  349.21, -350.79,  -52.68,    35.006,   79.9991,    48.812
 56429.1,  347.33, -193.82,  -50.01,    35.003,   79.9990,    48.812
 56432.2,  351.18, -171.17,  -62.72,    34.997,   79.9982,    48.812
 56433.9,  346.02, -312.58,  -50.12,    34.991,   79.9980,    48.812
 56435.6,  350.47, -208.12,  -62.52,    34.988,   79.9974,    48.812
 56437.3,  344.08, -282.79,  -47.68,    34.980,   79.9974,    48.812
 56439.0,  349.36, -292.38,  -59.38,    34.985,   79.9973,    48.812
 56440.6,  344.74,  -75.52,  -48.54,    35.023,   79.9963,    48.812
 56442.3,  347.10, -253.02,  -53.94,    35.039,   79.9963,    48.812
 56444.0,  342.14, -148.99,  -46.48,    35.006,   79.9963,    48.853
 56445.6,  343.99, -449.42,  -47.97,    35.016,   79.9979,    48.875
 56447.3,  342.72,  -68.11,  -46.70,    34.982,   79.9979,    48.855
 56449.0,  346.05, -499.55,  -57.56,    35.000,   79.9979,    48.855
 56450.7,  345.02, -188.21,  -52.60,    35.009,   79.9960,    48.875
 56452.6,  341.79, -220.09,  -47.26,    34.988,   79.9958,    48.875
 56454.3,  346.28, -386.96,  -54.34,    35.003,   79.9964,    48.836
 56456.0,  342.19, -262.75,  -48.34,    34.988,   79.9976,    48.812
 56457.8,  345.71, -335.03,  -59.43,    34.976,   79.9976,    48.812
 56459.5,  339.67, -254.42,  -46.02,    34.991,   79.9976,    48.814
 56461.2,  347.21, -314.15,  -58.31,    35.027,   79.9976,    48.844
 56464.2,  346.78, -327.52,  -57.33,    35.023,   79.9978,    48.812
 56465.9,  343.47, -322.24,  -47.53,    34.994,   79.9983,    48.870
 56467.6,  348.85, -295.36,  -56.17,    34.993,   79.9983,    48.833
 56469.3,  343.04, -603.74,  -43.47,    35.018,   79.9986,    48.855
 56471.1,  346.82, -141.75,  -53.77,    34.996,   79.9993,    48.842
 56472.9,  346.20, -472.11,  -49.24,    34.974,   79.9993,    48.874
 56474.5,  346.92, -347.63,  -54.56,    35.014,   79.9992,    48.836
 56476.2,  349.55, -306.00,  -59.70,    34.996,   79.9991,    48.858
 56477.8,  346.16, -287.92,  -51.14,    34.997,   79.9991,    48.875
 56479.5,  345.02, -316.64,  -51.28,    34.989,   79.9997,    48.875
 56481.2,  344.09, -219.99,  -53.61,    34.951,   80.0007,    48.875
 56482.9,  344.30, -320.69,  -51.06,    34.986,   80.0007,    48.875
 56484.5,  346.21, -150.85,  -60.08,    35.007,   80.0004,    48.851
 56486.2,  341.82, -316.82,  -46.76,    34.999,   80.0000,    48.874
 56487.9,  344.00,  -55.35,  -57.82,    35.005,   80.0000,    48.875
 56489.7,  342.58, -301.46,  -50.56,    35.008,   79.9999,    48.875
 56491.4,  344.28, -234.97,  -53.83,    35.004,   79.9997,    48.875
 56493.1,  343.54, -389.77,  -52.83,    34.979,   79.9997,    48.875
 56496.2,  346.08, -349.11,  -55.94,    34.999,   80.0000,    48.875
 56497.9,  347.83, -310.63,  -54.42,    35.005,   80.0000,    48.875
 56499.6,  346.89, -350.49,  -54.44,    34.988,   80.0000,    48.875
 56501.4,  349.80, -410.70,  -55.26,    35.003,   80.0002,    48.875
 56503.1,  345.79, -454.32,  -47.83,    34.994,   80.0002,    48.875
 56504.9,  351.83, -224.40,  -59.19,    34.981,   80.0000,    48.875
 56506.6,  349.00, -256.23,  -48.00,    34.992,   79.9998,    48.875
 56508.2,  352.18, -502.35,  -60.68,    35.011,   79.9998,    48.875
 56509.9,  347.20, -215.44,  -44.03,    34.994,   80.0001,    48.875
 56511.7,  351.62, -316.40,  -59.08,    35.013,   80.0003,    48.875
 56513.4,  348.24, -170.53,  -48.51,    34.991,   80.0003,    48.875
 56515.1,  349.48, -267.57,  -57.42,    35.005,   80.0004,    48.875
 56516.8,  347.37, -306.61,  -52.62,    35.024,   80.0005,    48.875
 56518.4,  347.66, -367.22,  -54.16,    35.013,   80.0005,    48.875
 56520.0,  350.46, -316.06,  -62.36,    34.997,   80.0005,    48.854
 56521.7,  343.74, -253.28,  -46.69,    35.025,   80.0005,    48.874
 56523.5,  349.76, -309.60,  -63.01,    35.021,   80.0005,    48.841
 56525.1,  345.68, -436.27,  -50.59,    35.009,   80.0004,    48.850
 56528.2,  350.44, -298.48,  -61.77,    34.990,   80.0004,    48.875
 56530.0,  344.84, -201.23,  -51.51,    35.003,   80.0012,    48.875
 56531.7,  353.83, -293.36,  -65.90,    34.999,   80.0016,    48.875
 56533.4,  345.80, -452.15,  -44.40,    34.980,   80.0016,    48.875
 56535.2,  351.74, -289.90,  -63.43,    35.005,   80.0019,    48.875
 56536.9,  349.27, -322.36,  -47.06,    34.999,   80.0020,    48.875
 56538.6,  354.34, -174.15,  -64.66,    34.999,   80.0020,    48.872
 56540.3,  351.57, -409.05,  -57.26,    34.995,   80.0022,    48.857
 56542.1,  351.47, -456.99,  -53.16,    34.992,   80.0023,    48.821
 56543.8,  351.78, -332.38,  -52.39,    35.014,   80.0023,    48.850
 56545.4,  354.00, -255.35,  -57.25,    35.017,   80.0033,    48.855
 56547.2,  356.54, -400.32,  -61.39,    35.028,   80.0037,    48.875
 56548.9,  351.22, -372.64,  -48.35,    34.982,   80.0037,    48.875
 56550.6,  353.69, -390.22,  -49.87,    35.005,   80.0031,    48.875
 56552.3,  352.23, -524.53,  -49.41,    34.993,   80.0031,    48.855
 56553.9,  355.61, -321.08,  -56.90,    35.017,   80.0031,    48.840
 56555.6,  354.23, -395.93,  -53.97,    35.012,   80.0019,    48.849
 56557.3,  355.12, -442.72,  -55.26,    34.997,   80.0011,    48.847
 56560.5,  358.00, -312.13,  -57.22,    34.988,   80.0022,    48.865
 56562.3,  357.19, -346.83,  -51.44,    35.004,   80.0022,    48.846
 56564.1,  360.50, -354.06,  -58.68,    34.996,   80.0023,    48.832
 56566.0,  357.28, -335.66,  -50.61,    34.982,   80.0026,    48.853
 56567.8,  360.65, -320.46,  -59.86,    35.013,   80.0026,    48.854
 56569.6,  363.87, -161.14,  -62.69,    35.026,   80.0025,    48.838
 56571.3,  363.56, -244.45,  -60.45,    35.027,   80.0023,    48.832
 56573.0,  363.45, -429.71,  -60.89,    34.975,   80.0023,    48.825
 56574.6,  360.05, -446.12,  -50.20,    34.967,   80.0021,    48.875
 56576.3,  363.12, -420.21,  -56.92,    35.024,   80.0019,    48.819
 56578.0,  364.95, -311.43,  -59.06,    35.020,   80.0019,    48.875
 56579.7,  366.62, -159.28,  -62.20,    35.011,   80.0017,    48.858
 56581.5,  364.87, -419.99,  -53.36,    34.989,   80.0014,    48.875
 56583.2,  364.71, -394.72,  -49.38,    34.978,   80.0014,    48.875
 56584.9,  370.59, -433.48,  -60.28,    34.988,   80.0009,    48.875
 56586.6,  366.84, -379.78,  -53.22,    34.988,   80.0003,    48.875
 56588.3,  366.78, -405.40,  -57.08,    34.992,   80.0003,    48.874
 56590.1,  370.90, -259.56,  -62.87,    34.998,   80.0001,    48.812
 56593.3,  363.59, -558.70,  -51.10,    35.004,   80.0000,    48.812
 56595.1,  370.27, -310.30,  -64.50,    34.996,   80.0000,    48.841
 56596.8,  367.45,  -77.87,  -56.70,    34.998,   80.0000,    48.863
 56598.5,  365.83, -353.84,  -57.37,    35.019,   80.0000,    48.812
