apply_cal+QC/WISPER_raw_data/Raw_Data_Backup/WISPER_20160925_rawField.ict
40, 1001
David Noone
Oregon State University
Water Vapor Isotopic Analyzer (Picarro L2120i) - H2O concentration, D/H and 18O/16O isotope ratios (delta notation)
ORACLES
1, 1
2016, 09, 25, 2016, 09, 25
0
Start_UTC, seconds
6
1, 1, 1, 1, 1, 1
-9999, -9999, -9999, -9999, -9999, -9999
H2O_ppmv, ppmv
dD_permil, permil
d18O_permil, permil
pressure_cavity, torr
temp_cavity, degrees_celcius
temp_das, degrees_celcius
0
18
PI_CONTACT_INFO: Address: David Noone, CEOAS, Oregon State University, Corvallis OR 97331; email: nooned@oregonstate.edu
PLATFORM: NASA P3B (N426NA), sampling port side foward window from forward facing diffuser inlet
LOCATION: Aircraft location data decribed elsewhere
ASSOCIATED_DATA: see http://espoarchive.nasa.gov/archive/browse/oracles
INSTRUMENT_INFO: Water Vapor Isotopic Analyzer (Picarro L2120-i): cavity-ringdown tunable diode laser spectoscopy.
DATA_INFO: Units are ppmv for H2O and permil relative to SMOW for d18O and dD.
UNCERTAINTY: The absolute accuracy humidity dependent is in the range 1 % for H2O, 1 permil for dD and 0.5 permil for d18O.
ULOD_FLAG: -7777
ULOD_VALUE: N/A
LLOD_FLAG: -8888
LLOD_VALUE: N/A
DM_CONTACT_INFO: David Noone; Oregon State University; nooned@oregonstate.edu
PROJECT_INFO: ORACLES Mission August-October 2016; Southeast Atlantic/Walvis Bay, Namibia
STIPULATIONS_ON_USE: Until made public, only the ORACLES science team is allowed to use this data, per the ORACLES data protocol.
OTHER_COMMENTS: Data is uncalibrated, uncheck and not useful for science at this level
REVISION: RAW
RAW: Raw translation of Picarro output files to ICARTT format
Start_UTC, H2O_ppmv, dD_permil, d18O_permil, pressure_cavity, temp_cavity, temp_das
 25558.1, 6751.38, -100.94,   -0.34,    35.005,   78.4513,    40.562
 25560.1, 6787.36,  -54.91,  -12.11,    35.013,   78.4981,    40.562
[from data line 1160]
 29440.1, 4626.16, -107.45,  -19.08,    34.989,   79.9999,    45.125
 29441.8, 4630.81, -101.82,  -18.42,    35.021,   80.0005,    45.125
 29443.6, 4633.05,  -96.24,  -19.13,    35.009,   80.0005,    45.125
 29445.3, 4630.15, -110.15,  -18.28,    34.994,   80.0003,    45.125
 29447.0, 4634.83, -113.25,  -18.71,    34.979,   80.0003,    45.125
 29448.7, 4639.60,  -99.52,  -18.88,    35.006,   80.0003,    45.125
 29450.5, 4636.74, -110.41,  -18.94,    34.982,   80.0001,    45.125
 29452.3, 4636.50, -120.80,  -18.10,    35.006,   80.0001,    45.125
 29454.0, 4639.96, -104.80,  -19.18,    34.978,   80.0001,    45.125
 29455.7, 4639.40, -114.39,  -18.19,    34.991,   80.0001,    45.125
 29457.4, 4644.29, -101.64,  -18.79,    35.008,   80.0001,    45.125
 29459.1, 4638.60, -108.28,  -18.48,    34.947,   80.0001,    45.125
 29460.8, 4648.03, -114.13,  -17.91,    35.011,   79.9998,    45.125
 29462.5, 4646.72, -105.87,  -18.44,    35.013,   79.9998,    45.125
 29464.2, 4644.57, -136.40,  -17.94,    35.005,   79.9998,    45.125
 29465.9, 4647.29, -100.26,  -18.39,    35.021,   79.9996,    45.125
 29467.7, 4640.00, -106.92,  -18.33,    34.979,   79.9996,    45.125
 29470.8, 4640.46, -118.64,  -18.17,    35.002,   79.9989,    45.125
 29472.5, 4640.10,  -96.24,  -18.04,    35.018,   79.9989,    45.125
 29474.2, 4633.54, -116.49,  -18.08,    35.005,   79.9984,    45.125
 29475.9, 4630.62, -106.16,  -18.61,    34.983,   79.9970,    45.125
 29477.6, 4629.37, -110.25,  -18.12,    34.995,   79.9970,    45.125
 29479.3, 4631.33, -103.24,  -19.13,    35.007,   79.9966,    45.125
 29481.1, 4623.18, -111.15,  -18.68,    34.976,   79.9951,    45.147
 29482.7, 4626.52, -105.24,  -18.32,    35.007,   79.9951,    45.146
 29484.4, 4617.35, -103.45,  -18.15,    35.001,   79.9949,    45.136
 29486.1, 4614.49, -104.24,  -18.65,    34.999,   79.9937,    45.167
 29487.8, 4608.21, -109.42,  -18.06,    35.003,   79.9937,    45.149
 29489.5, 4605.14,  -96.66,  -19.30,    34.987,   79.9939,    45.125
 29491.1, 4598.78, -115.14,  -18.32,    35.000,   79.9941,    45.171
 29492.8, 4595.90, -113.39,  -18.42,    34.993,   79.9941,    45.170
 29494.5, 4594.10,  -98.56,  -18.88,    35.008,   79.9938,    45.188
 29496.3, 4589.53, -114.80,  -18.11,    34.989,   79.9932,    45.188
 29498.0, 4588.67, -108.55,  -18.40,    35.012,   79.9932,    45.188
 29499.7, 4581.20, -113.44,  -18.17,    35.000,   79.9939,    45.188
 29502.8, 4577.23,  -98.99,  -18.63,    35.009,   79.9951,    45.188
 29504.5, 4570.50, -115.11,  -18.13,    34.985,   79.9953,    45.188
 29506.3, 4569.29, -110.68,  -18.35,    34.994,   79.9956,    45.188
 29508.0, 4568.23, -113.78,  -18.13,    35.005,   79.9956,    45.188
 29509.7, 4562.47, -109.69,  -18.42,    34.997,   79.9965,    45.188
 29511.4, 4560.59, -110.93,  -18.66,    34.989,   79.9977,    45.188
 29513.1, 4561.11,  -88.29,  -18.81,    35.020,   79.9977,    45.188
 29514.9, 4553.92,  -90.64,  -18.43,    34.989,   79.9989,    45.188
 29516.6, 4549.09,  -92.61,  -18.72,    34.991,   80.0005,    45.188
 29518.3, 4546.80, -119.07,  -18.18,    35.016,   80.0005,    45.188
 29519.9, 4540.22, -107.84,  -18.30,    35.007,   80.0009,    45.188
 29521.6, 4532.81, -117.46,  -18.29,    34.988,   80.0017,    45.188
 29523.4, 4531.13, -108.50,  -17.78,    34.978,   80.0017,    45.188
 29525.1, 4533.79,  -80.75,  -19.11,    35.000,   80.0025,    45.188
 29526.8, 4528.92, -112.24,  -18.13,    35.017,   80.0035,    45.188
 29528.5, 4521.01, -114.89,  -18.00,    35.012,   80.0035,    45.188
 29530.1, 4519.35, -113.78,  -18.15,    34.980,   80.0045,    45.209
 29531.9, 4516.35, -113.29,  -17.74,    34.980,   80.0051,    45.192
 29534.9, 4518.32, -104.01,  -18.47,    35.001,   80.0052,    45.206
 29536.6, 4511.17, -132.54,  -17.73,    35.009,   80.0053,    45.213
 29538.3, 4509.31, -103.99,  -18.38,    34.999,   80.0053,    45.202
 29540.0, 4504.53, -110.38,  -18.42,    34.983,   80.0055,    45.188
 29541.7, 4501.35, -108.36,  -18.57,    34.983,   80.0056,    45.188
 29543.4, 4502.21, -101.99,  -18.28,    35.003,   80.0056,    45.226
 29545.1, 4503.50, -102.10,  -19.05,    34.980,   80.0046,    45.220
 29546.8, 4496.96, -104.47,  -18.67,    34.968,   80.0037,    45.250
 29548.4, 4499.87, -100.57,  -18.19,    34.999,   80.0037,    45.230
 29550.1, 4500.93, -105.05,  -18.74,    35.010,   80.0023,    45.206
 29551.8, 4501.35,  -94.33,  -18.61,    34.984,   80.0015,    45.250
 29553.5, 4498.37, -111.26,  -18.84,    34.996,   80.0015,    45.250
 29555.1, 4498.53, -107.95,  -18.66,    34.985,   80.0023,    45.250
 29556.8, 4500.17,  -97.49,  -18.75,    34.995,   80.0027,    45.250
 29558.6, 4497.54, -113.71,  -18.22,    34.983,   80.0027,    45.250
 29560.2, 4505.37, -102.12,  -18.68,    35.001,   80.0024,    45.250
 29561.9, 4502.91, -116.65,  -18.04,    35.004,   80.0023,    45.250
 29563.5, 4505.44, -105.63,  -18.43,    35.004,   80.0023,    45.250
 29566.6, 4502.66, -112.86,  -18.01,    34.998,   80.0024,    45.250
 29568.3, 4504.05, -116.98,  -18.15,    34.988,   80.0024,    45.250
 29570.0, 4509.56, -101.33,  -18.58,    35.011,   80.0019,    45.250
 29571.7, 4506.95, -107.81,  -18.17,    35.009,   80.0015,    45.250
 29573.3, 4506.59, -115.89,  -18.80,    34.971,   80.0015,    45.250
 29575.0, 4510.65, -104.48,  -18.73,    35.000,   80.0013,    45.250
 29576.6, 4512.89, -111.57,  -18.40,    35.010,   80.0010,    45.250
 29578.3, 4512.65, -102.76,  -18.60,    35.015,   80.0010,    45.283
 29580.0, 4512.08, -109.18,  -18.41,    34.987,   80.0008,    45.275
 29581.7, 4519.87, -107.29,  -18.08,    35.007,   80.0002,    45.250
 29583.4, 4520.89, -114.45,  -18.25,    34.994,   80.0002,    45.269
 29585.2, 4525.69, -107.11,  -18.76,    35.008,   79.9997,    45.252
 29586.9, 4528.79, -108.25,  -18.77,    35.006,   79.9987,    45.259
 29588.6, 4526.64, -105.14,  -18.90,    35.001,   79.9987,    45.277
 29590.3, 4524.30, -111.59,  -18.10,    34.979,   79.9993,    45.250
 29591.9, 4533.34,  -99.06,  -19.16,    35.007,   79.9993,    45.250
 29593.6, 4539.43, -118.81,  -18.53,    35.011,   79.9993,    45.250
 29595.2, 4544.03, -107.09,  -18.76,    34.986,   79.9992,    45.270
 29598.3, 4562.31, -106.73,  -18.47,    35.004,   79.9992,    45.261
 29600.0, 4573.01,  -98.27,  -18.94,    35.004,   80.0002,    45.260
 29601.6, 4584.40, -101.10,  -18.64,    34.999,   80.0010,    45.267
 29603.3, 4589.49, -131.82,  -17.91,    34.993,   80.0010,    45.271
 29604.9, 4605.67, -111.54,  -18.67,    35.000,   80.0021,    45.312
 29606.7, 4619.79, -107.10,  -19.19,    35.013,   80.0027,    45.312
 29608.3, 4620.16, -105.51,  -18.48,    35.000,   80.0027,    45.312
 29609.9, 4630.42, -117.44,  -18.99,    34.993,   80.0036,    45.312
 29611.6, 4643.06, -100.82,  -18.67,    34.994,   80.0043,    45.312
 29613.3, 4656.75, -103.01,  -19.25,    34.993,   80.0043,    45.312
 29615.0, 4670.51, -116.43,  -18.33,    35.017,   80.0047,    45.312
 29616.6, 4686.84,  -99.04,  -18.79,    34.995,   80.0049,    45.312
 29618.3, 4701.76, -118.16,  -18.29,    35.001,   80.0049,    45.312
 29620.0, 4722.43, -106.23,  -18.98,    35.005,   80.0045,    45.312
 29621.7, 4739.25, -112.39,  -18.89,    35.003,   80.0041,    45.312
 29623.4, 4754.31, -111.01,  -18.03,    35.008,   80.0041,    45.370
 29625.0, 4772.62, -119.95,  -18.55,    35.003,   80.0035,    45.312
 29626.7, 4798.98, -112.46,  -18.74,    34.972,   80.0031,    45.312
 29629.7, 4839.86, -115.61,  -18.95,    35.003,   80.0028,    45.321
 29631.4, 4862.94, -109.58,  -18.74,    34.994,   80.0011,    45.326
 29633.1, 4886.88, -103.18,  -18.79,    34.973,   80.0011,    45.350
 29634.8, 4912.07, -108.00,  -18.59,    34.983,   79.9994,    45.375
 29636.6, 4937.62, -112.43,  -18.45,    35.005,   79.9985,    45.344
 29638.3, 4959.31, -100.24,  -18.56,    34.987,   79.9985,    45.359
 29640.1, 4979.02, -104.16,  -18.73,    35.002,   79.9977,    45.354
 29641.8, 4993.80, -110.35,  -18.31,    34.998,   79.9972,    45.375
 29643.5, 5008.40, -103.52,  -18.50,    34.985,   79.9972,    45.375
 29645.2, 5018.95, -114.06,  -18.79,    34.996,   79.9969,    45.375
 29646.9, 5032.46, -108.24,  -18.58,    34.993,   79.9968,    45.375
 29648.6, 5054.14, -111.18,  -18.18,    34.993,   79.9968,    45.375
 29650.3, 5089.36,  -95.32,  -18.76,    35.022,   79.9956,    45.375
 29652.0, 5125.46, -109.55,  -18.59,    35.006,   79.9951,    45.375
 29653.7, 5169.44,  -98.37,  -18.70,    34.985,   79.9951,    45.375
 29655.3, 5219.52, -106.54,  -17.84,    34.991,   79.9948,    45.375
 29657.0, 5274.56, -104.47,  -18.28,    35.012,   79.9947,    45.375
 29658.7, 5322.82, -101.71,  -17.83,    34.997,   79.9947,    45.375
 29661.9, 5412.14, -110.16,  -17.89,    35.004,   79.9961,    45.375
 29663.5, 5455.65, -107.42,  -17.98,    35.020,   79.9961,    45.375
 29665.2, 5488.10, -110.05,  -17.68,    35.026,   79.9973,    45.375
 29666.9, 5518.54,  -93.19,  -18.58,    35.008,   79.9976,    45.375
 29668.6, 5536.62, -110.12,  -18.18,    34.984,   79.9976,    45.398
 29670.4, 5562.94, -101.29,  -17.89,    35.003,   79.9996,    45.399
 29672.1, 5587.03, -102.21,  -17.90,    35.016,   80.0002,    45.438
 29673.9, 5612.37, -108.20,  -18.38,    35.009,   80.0002,    45.419
 29675.6, 5635.02, -108.27,  -18.08,    34.999,   80.0010,    45.420
 29677.4, 5664.98, -117.09,  -18.09,    35.009,   80.0011,    45.438
 29679.1, 5691.39, -108.37,  -17.91,    35.011,   80.0018,    45.421
 29680.8, 5715.87,  -99.79,  -17.95,    34.979,   80.0038,    45.420
 29682.5, 5743.44, -109.01,  -17.50,    34.985,   80.0038,    45.379
 29684.2, 5772.73, -110.64,  -17.41,    35.001,   80.0040,    45.403
 29685.9, 5806.67, -104.82,  -18.07,    35.012,   80.0051,    45.438
 29687.6, 5831.27, -102.29,  -17.60,    35.006,   80.0051,    45.438
 29689.2, 5855.82, -113.69,  -17.61,    34.979,   80.0051,    45.421
 29690.9, 5881.72, -105.26,  -17.41,    34.993,   80.0052,    45.416
 29694.0, 5921.74, -110.64,  -17.88,    35.000,   80.0052,    45.393
 29695.8, 5937.93, -102.22,  -18.09,    34.991,   80.0058,    45.438
 29697.5, 5949.67,  -98.76,  -17.83,    34.973,   80.0058,    45.438
 29699.3, 5969.86, -109.86,  -17.65,    34.975,   80.0056,    45.438
 29701.0, 5997.16,  -99.42,  -17.21,    35.007,   80.0036,    45.438
 29702.7, 6026.86, -107.47,  -17.75,    35.013,   80.0036,    45.420
 29704.5, 6054.08, -105.69,  -17.31,    35.017,   80.0033,    45.438
 29706.3, 6079.86, -109.26,  -17.72,    35.030,   80.0029,    45.438
 29708.0, 6092.95,  -95.60,  -18.04,    34.961,   80.0029,    45.438
 29709.8, 6119.97, -100.55,  -17.23,    35.016,   80.0018,    45.438
 29711.6, 6140.85,  -89.61,  -17.98,    35.020,   80.0007,    45.438
 29713.3, 6147.14, -105.13,  -17.30,    35.000,   80.0007,    45.438
 29715.1, 6155.65, -105.06,  -17.66,    34.991,   80.0003,    45.438
 29716.8, 6160.67,  -96.59,  -17.46,    34.978,   79.9999,    45.438
 29718.5, 6164.12, -102.15,  -17.63,    35.021,   79.9999,    45.438
 29720.3, 6167.77,  -93.76,  -17.92,    35.026,   79.9988,    45.438
 29721.9, 6156.92, -108.57,  -16.98,    34.997,   79.9984,    45.438
 29723.6, 6157.67,  -86.76,  -17.24,    34.986,   79.9984,    45.438
 29726.7, 6153.16, -100.46,  -17.46,    34.992,   79.9967,    45.438
 29728.4, 6137.86, -112.34,  -17.64,    34.983,   79.9967,    45.438
 29730.1, 6119.41, -100.31,  -17.18,    35.027,   79.9978,    45.438
 29731.8, 6091.20,  -89.51,  -17.56,    35.006,   79.9984,    45.438
 29733.6, 6066.86,  -95.91,  -17.35,    35.010,   79.9984,    45.438
 29735.2, 6049.10,  -99.64,  -17.97,    34.981,   79.9980,    45.438
 29736.9, 6053.54,  -91.89,  -17.99,    34.997,   79.9977,    45.438
 29738.6, 6058.42, -108.70,  -17.84,    35.015,   79.9977,    45.438
 29740.4, 6078.41, -101.85,  -18.08,    35.015,   79.9983,    45.438
 29742.2, 6099.99, -108.69,  -17.03,    35.001,   79.9983,    45.461
 29743.9, 6144.92,  -94.14,  -17.41,    35.025,   79.9983,    45.468
 29745.6, 6181.05,  -89.76,  -17.67,    35.014,   79.9988,    45.486
 29747.3, 6220.38,  -99.14,  -17.53,    34.982,   79.9991,    45.481
 29749.0, 6262.24, -103.11,  -17.57,    35.010,   79.9994,    45.481
 29750.7, 6296.23, -114.23,  -17.22,    34.991,   80.0013,    45.500
 29752.5, 6318.37, -106.76,  -17.83,    34.995,   80.0013,    45.500
 29754.2, 6336.94,  -94.43,  -17.42,    35.012,   80.0014,    45.500
 29755.9, 6339.83,  -95.95,  -17.17,    35.021,   80.0018,    45.500
 29758.9, 6326.77, -100.90,  -17.39,    35.009,   80.0018,    45.500
 29760.8, 6321.54, -101.57,  -17.10,    35.013,   80.0030,    45.500
 29762.6, 6316.82, -100.86,  -17.13,    34.995,   80.0032,    45.500
 29764.3, 6310.39, -103.22,  -17.52,    35.000,   80.0033,    45.500
 29766.1, 6299.65, -104.53,  -17.30,    34.980,   80.0042,    45.500
 29767.9, 6299.66, -102.78,  -17.21,    34.995,   80.0042,    45.500
 29769.7, 6294.89,  -92.41,  -16.93,    35.013,   80.0038,    45.500
 29771.4, 6270.46,  -98.30,  -17.31,    34.962,   80.0032,    45.500
 29773.2, 6240.53,  -97.40,  -17.59,    34.959,   80.0032,    45.500
 29774.9, 6190.87, -102.71,  -16.81,    35.011,   80.0041,    45.500
 29776.7, 6137.08,  -96.80,  -17.37,    35.004,   80.0051,    45.500
 29778.5, 6093.99,  -98.10,  -17.39,    35.001,   80.0051,    45.500
 29780.2, 6067.46,  -94.70,  -17.62,    35.002,   80.0053,    45.500
 29781.9, 6064.98, -110.03,  -17.59,    35.016,   80.0053,    45.500
 29783.6, 6087.84, -105.68,  -17.67,    34.987,   80.0052,    45.500
 29785.3, 6135.02,  -91.16,  -17.94,    35.016,   80.0042,    45.500
 29787.0, 6189.06, -103.25,  -17.62,    35.009,   80.0042,    45.500
 29788.7, 6255.90,  -91.47,  -17.76,    34.995,   80.0042,    45.500
 29791.8, 6357.72,  -96.85,  -16.36,    35.031,   80.0034,    45.500
 29793.5, 6395.99, -102.15,  -16.81,    34.980,   80.0034,    45.500
 29795.2, 6420.85, -107.15,  -17.14,    35.004,   80.0024,    45.508
 29796.8, 6431.30,  -98.62,  -17.40,    35.011,   80.0020,    45.533
 29798.5, 6425.81,  -87.35,  -17.07,    35.015,   80.0020,    45.500
 29800.2, 6415.31,  -94.17,  -17.48,    35.031,   80.0010,    45.518
 29801.8, 6394.10,  -97.72,  -17.26,    35.022,   80.0004,    45.500
 29803.5, 6372.83, -101.18,  -16.96,    34.987,   80.0004,    45.500
 29805.2, 6363.33,  -99.64,  -17.03,    35.000,   80.0003,    45.500
 29806.9, 6358.82, -107.49,  -16.85,    34.997,   80.0003,    45.500
 29808.5, 6363.23,  -95.50,  -16.82,    35.001,   80.0003,    45.500
 29810.2, 6377.92,  -95.34,  -17.37,    34.975,   80.0000,    45.500
 29811.9, 6392.17,  -89.26,  -17.22,    35.015,   79.9998,    45.500
 29813.5, 6408.09,  -94.57,  -16.91,    35.000,   79.9998,    45.500
 29815.2, 6422.60, -105.28,  -17.00,    35.018,   80.0003,    45.500
 29816.8, 6440.84, -104.59,  -17.04,    35.014,   80.0005,    45.529
 29818.5, 6457.96,  -93.77,  -17.85,    35.000,   80.0005,    45.553
 29820.2, 6489.83, -101.54,  -17.20,    35.015,   80.0005,    45.538
 29823.3, 6546.09, -103.21,  -16.73,    34.992,   80.0005,    45.540
 29825.0, 6572.72, -100.91,  -17.08,    34.997,   80.0010,    45.519
 29826.7, 6602.04,  -90.79,  -17.14,    34.983,   80.0014,    45.517
 29828.3, 6629.30,  -84.59,  -17.21,    35.010,   80.0014,    45.543
 29830.0, 6652.43,  -93.88,  -16.59,    35.019,   80.0010,    45.522
 29831.8, 6678.31, -102.45,  -16.77,    34.998,   80.0007,    45.529
 29833.6, 6699.56,  -97.07,  -16.47,    34.998,   80.0007,    45.557
 29835.3, 6718.06,  -88.96,  -17.31,    35.006,   80.0000,    45.530
 29837.0, 6722.34,  -96.74,  -17.07,    34.976,   79.9995,    45.562
 29838.6, 6731.19,  -98.40,  -16.45,    35.014,   79.9995,    45.562
 29840.3, 6731.77,  -96.30,  -16.82,    35.001,   80.0001,    45.562
 29842.1, 6733.59,  -95.62,  -17.27,    34.999,   80.0001,    45.562
 29843.8, 6731.26, -101.81,  -16.54,    34.998,   80.0001,    45.562
 29845.5, 6734.35, -102.60,  -16.67,    35.008,   79.9984,    45.562
 29847.2, 6735.28,  -92.09,  -17.56,    34.977,   79.9975,    45.524
 29848.9, 6745.34,  -97.99,  -16.31,    35.021,   79.9975,    45.525
