apply_cal+QC/WISPER_raw_data/Raw_Data_Backup/WISPER_20160925_rawField.ict
40, 1001
David Noone
Oregon State University
Water Vapor Isotopic Analyzer (Picarro L2120i) - H2O concentration, D/H and 18O/16O isotope ratios (delta notation)
ORACLES
1, 1
2016, 09, 25, 2016, 09, 25
0
Start_UTC, seconds
6
1, 1, 1, 1, 1, 1
-9999, -9999, -9999, -9999, -9999, -9999
H2O_ppmv, ppmv
dD_permil, permil
d18O_permil, permil
pressure_cavity, torr
temp_cavity, degrees_celcius
temp_das, degrees_celcius
0
18
PI_CONTACT_INFO: Address: David Noone, CEOAS, Oregon State University, Corvallis OR 97331; email: nooned@oregonstate.edu
PLATFORM: NASA P3B (N426NA), sampling port side foward window from forward facing diffuser inlet
LOCATION: Aircraft location data decribed elsewhere
ASSOCIATED_DATA: see http://espoarchive.nasa.gov/archive/browse/oracles
INSTRUMENT_INFO: Water Vapor Isotopic Analyzer (Picarro L2120-i): cavity-ringdown tunable diode laser spectoscopy.
DATA_INFO: Units are ppmv for H2O and permil relative to SMOW for d18O and dD.
UNCERTAINTY: The absolute accuracy humidity dependent is in the range 1 % for H2O, 1 permil for dD and 0.5 permil for d18O.
ULOD_FLAG: -7777
ULOD_VALUE: N/A
LLOD_FLAG: -8888
LLOD_VALUE: N/A
DM_CONTACT_INFO: David Noone; Oregon State University; nooned@oregonstate.edu
PROJECT_INFO: ORACLES Mission August-October 2016; Southeast Atlantic/Walvis Bay, Namibia
STIPULATIONS_ON_USE: Until made public, only the ORACLES science team is allowed to use this data, per the ORACLES data protocol.
OTHER_COMMENTS: Data is uncalibrated, uncheck and not useful for science at this level
REVISION: RAW
RAW: Raw translation of Picarro output files to ICARTT format
Start_UTC, H2O_ppmv, dD_permil, d18O_permil, pressure_cavity, temp_cavity, temp_das
 25558.1, 6751.38, -100.94,   -0.34,    35.005,   78.4513,    40.562
 25560.1, 6787.36,  -54.91,  -12.11,    35.013,   78.4981,    40.562
[from data line 3479]
 33511.4,  337.62, -397.50,  -51.62,    35.010,   80.0005,    47.453
 33513.2,  341.48, -150.38,  -60.86,    34.979,   80.0005,    47.438
 33516.1,  341.66, -328.11,  -63.46,    35.014,   79.9999,    47.438
 33517.7,  341.44, -433.80,  -62.83,    34.994,   79.9999,    47.438
 33519.3,  338.06, -382.80,  -55.74,    34.978,   79.9999,    47.438
 33521.0,  336.93, -416.20,  -53.14,    35.005,   80.0001,    47.438
 33522.7,  335.69, -460.40,  -54.07,    35.001,   80.0001,    47.438
 33524.2,  339.39, -428.11,  -62.12,    34.981,   80.0001,    47.438
 33525.8,  338.05, -378.42,  -59.41,    35.006,   80.0000,    47.438
 33527.4,  338.00, -395.76,  -54.31,    35.012,   80.0000,    47.438
 33529.0,  337.86, -363.29,  -56.65,    34.996,   79.9999,    47.438
 33530.6,  340.19, -254.98,  -61.28,    34.990,   79.9994,    47.438
 33532.2,  338.90, -326.80,  -59.89,    35.022,   79.9994,    47.438
 33533.7,  340.97, -428.09,  -61.92,    34.995,   79.9994,    47.438
 33535.3,  341.40, -136.90,  -62.87,    35.002,   80.0001,    47.449
 33536.9,  340.04, -309.44,  -59.48,    34.999,   80.0002,    47.448
 33538.5,  339.31, -441.79,  -55.57,    34.981,   80.0002,    47.438
 33540.1,  341.04, -331.36,  -58.75,    35.004,   80.0002,    47.438
 33541.8,  338.70, -351.36,  -55.18,    35.014,   80.0002,    47.438
 33543.4,  340.28, -409.24,  -58.00,    34.990,   80.0002,    47.438
 33546.4,  339.01, -509.88,  -56.76,    34.989,   80.0002,    47.453
 33548.1,  342.39, -337.25,  -63.77,    34.994,   80.0002,    47.438
 33549.8,  343.57, -155.72,  -66.24,    35.006,   80.0010,    47.438
 33551.4,  337.83, -397.30,  -58.04,    35.009,   80.0015,    47.438
 33553.0,  337.47, -480.56,  -56.48,    35.001,   80.0015,    47.451
 33554.6,  337.42, -484.18,  -53.69,    35.005,   80.0019,    47.446
 33556.2,  340.87, -292.37,  -59.51,    35.009,   80.0029,    47.438
 33557.8,  337.18, -406.84,  -55.84,    34.994,   80.0029,    47.438
 33559.5,  336.16, -471.11,  -54.05,    35.005,   80.0030,    47.459
 33561.1,  336.46, -501.21,  -55.74,    35.029,   80.0030,    47.480
 33562.8,  337.48, -395.48,  -58.02,    35.020,   80.0030,    47.469
 33564.4,  337.28, -482.43,  -61.26,    34.995,   80.0030,    47.438
 33566.0,  336.66, -262.56,  -61.19,    34.976,   80.0027,    47.438
 33567.6,  335.62, -237.78,  -57.00,    34.993,   80.0026,    47.438
 33569.2,  333.58, -480.43,  -55.25,    34.999,   80.0025,    47.450
 33570.8,  335.20, -303.87,  -58.84,    35.006,   80.0017,    47.469
 33572.5,  336.46, -385.96,  -61.15,    34.984,   80.0017,    47.495
 33574.1,  335.03, -425.90,  -59.04,    35.006,   80.0016,    47.483
 33577.1,  333.10, -425.11,  -54.67,    34.984,   80.0003,    47.461
 33578.7,  330.47, -392.89,  -52.86,    34.998,   80.0003,    47.475
 33580.4,  332.02, -485.08,  -54.17,    34.993,   80.0001,    47.458
 33582.0,  334.62, -276.91,  -61.64,    35.002,   80.0000,    47.438
 33583.6,  336.54, -281.71,  -60.66,    35.005,   80.0000,    47.438
 33585.3,  334.24, -330.85,  -53.67,    35.004,   79.9995,    47.460
 33587.0,  338.08, -278.28,  -61.14,    34.988,   79.9994,    47.479
 33588.7,  335.33, -297.76,  -52.45,    35.014,   79.9994,    47.473
 33590.4,  340.57, -250.94,  -61.18,    34.997,   79.9994,    47.478
 33592.0,  341.42, -292.02,  -62.91,    35.010,   79.9994,    47.458
 33593.6,  341.89, -298.76,  -63.33,    34.997,   79.9994,    47.452
 33595.3,  338.39, -368.91,  -57.19,    34.999,   79.9992,    47.479
 33596.9,  339.15, -252.83,  -59.79,    34.997,   79.9992,    47.499
 33598.6,  335.56, -509.19,  -52.52,    35.003,   79.9992,    47.500
 33600.2,  338.17, -373.39,  -56.34,    35.006,   80.0009,    47.500
 33601.8,  336.62, -538.85,  -53.59,    34.998,   80.0015,    47.500
 33603.4,  339.02, -462.94,  -57.56,    35.003,   80.0015,    47.500
 33605.0,  345.93, -287.31,  -62.80,    34.996,   80.0018,    47.500
 33608.1,  358.01, -328.07,  -61.30,    34.986,   80.0027,    47.500
 33609.9,  368.37, -525.33,  -56.78,    34.984,   80.0037,    47.500
 33611.6,  386.84, -333.68,  -61.22,    35.011,   80.0043,    47.500
 33613.3,  403.97, -373.21,  -58.43,    35.013,   80.0043,    47.500
 33615.0,  427.63, -346.27,  -61.26,    34.975,   80.0046,    47.500
 33616.7,  459.81, -345.34,  -61.04,    34.993,   80.0047,    47.500
 33618.4,  494.29, -554.85,  -56.59,    35.005,   80.0047,    47.458
 33619.9,  537.56, -395.70,  -60.02,    35.013,   80.0051,    47.470
 33621.5,  585.34, -341.71,  -61.18,    34.999,   80.0055,    47.459
 33623.1,  628.68, -401.88,  -57.48,    35.016,   80.0055,    47.450
 33624.9,  675.18, -528.06,  -52.90,    35.002,   80.0060,    47.492
 33626.6,  718.19, -379.23,  -55.87,    34.994,   80.0063,    47.497
 33628.3,  756.09, -315.19,  -55.06,    34.993,   80.0063,    47.500
 33630.0,  797.14, -351.53,  -58.09,    35.000,   80.0058,    47.500
 33631.6,  826.51, -377.78,  -55.61,    35.004,   80.0052,    47.500
 33633.3,  850.82, -333.24,  -54.41,    34.979,   80.0052,    47.500
 33635.0,  866.12, -390.11,  -49.63,    34.991,   80.0057,    47.500
 33636.7,  882.17, -459.67,  -48.03,    35.018,   80.0059,    47.500
 33639.8,  925.73, -404.07,  -49.27,    34.983,   80.0060,    47.520
 33641.4,  956.27, -363.24,  -48.17,    34.990,   80.0061,    47.500
 33643.0,  988.48, -405.67,  -43.75,    35.003,   80.0061,    47.500
 33644.7, 1026.42, -334.63,  -45.43,    35.019,   80.0059,    47.500
 33646.6, 1063.98, -348.92,  -41.65,    34.977,   80.0058,    47.500
 33648.2, 1101.26, -350.38,  -42.05,    35.001,   80.0058,    47.500
 33649.8, 1148.38, -358.70,  -41.34,    34.985,   80.0051,    47.500
 33651.5, 1212.90, -364.96,  -40.40,    34.994,   80.0047,    47.500
 33653.2, 1285.18, -378.33,  -39.60,    35.010,   80.0047,    47.500
 33654.9, 1355.17, -389.10,  -34.08,    35.006,   80.0048,    47.500
 33656.7, 1418.84, -318.68,  -35.72,    34.984,   80.0049,    47.500
 33658.3, 1465.60, -304.01,  -36.91,    34.978,   80.0049,    47.500
 33660.0, 1493.07, -357.22,  -34.46,    35.008,   80.0039,    47.500
 33661.7, 1508.99, -330.36,  -34.90,    34.997,   80.0036,    47.500
 33663.3, 1516.74, -299.76,  -34.54,    35.005,   80.0036,    47.500
 33664.9, 1516.05, -272.05,  -32.67,    34.995,   80.0041,    47.500
 33666.6, 1519.41, -316.19,  -31.83,    35.010,   80.0044,    47.500
 33668.3, 1534.86, -285.45,  -31.33,    35.009,   80.0044,    47.500
 33671.3, 1592.81, -276.92,  -31.33,    34.983,   80.0033,    47.500
 33673.0, 1629.38, -291.68,  -28.74,    35.004,   80.0033,    47.500
 33674.7, 1666.15, -268.27,  -30.01,    35.001,   80.0033,    47.500
 33676.4, 1683.27, -247.31,  -29.40,    34.992,   80.0035,    47.500
 33678.0, 1685.11, -287.33,  -30.36,    35.016,   80.0035,    47.500
 33679.6, 1670.49, -301.20,  -29.46,    35.007,   80.0027,    47.500
 33681.3, 1643.70, -240.86,  -30.44,    34.988,   80.0019,    47.500
 33683.0, 1608.53, -233.99,  -30.16,    34.987,   80.0019,    47.500
 33684.6, 1565.38, -307.78,  -27.15,    34.999,   80.0020,    47.500
 33686.3, 1530.09, -260.63,  -28.28,    35.014,   80.0022,    47.500
 33687.9, 1491.41, -261.45,  -27.85,    34.993,   80.0022,    47.500
 33689.5, 1461.09, -288.37,  -27.20,    35.009,   80.0022,    47.500
 33691.1, 1441.83, -254.28,  -28.05,    35.030,   80.0023,    47.539
 33692.7, 1431.80, -210.72,  -29.66,    34.990,   80.0023,    47.512
 33694.3, 1427.68, -239.71,  -27.06,    35.006,   80.0022,    47.500
 33695.9, 1427.40, -288.80,  -26.88,    34.987,   80.0016,    47.500
 33697.6, 1431.35, -223.19,  -28.66,    35.006,   80.0016,    47.500
 33699.3, 1426.35, -231.07,  -28.90,    35.005,   80.0016,    47.500
 33702.3, 1399.54, -177.71,  -29.21,    34.993,   80.0020,    47.500
 33704.1, 1374.80, -199.68,  -28.54,    35.005,   80.0020,    47.500
 33705.8, 1348.74, -228.16,  -26.57,    35.022,   80.0017,    47.535
 33707.6, 1328.10, -196.23,  -27.43,    35.012,   80.0017,    47.503
 33709.3, 1312.89, -210.58,  -29.13,    34.989,   80.0017,    47.500
 33711.0, 1303.67, -224.81,  -28.50,    34.985,   80.0020,    47.500
 33712.6, 1304.64, -276.72,  -27.88,    34.998,   80.0020,    47.500
 33714.3, 1312.03, -249.85,  -28.99,    35.027,   80.0019,    47.500
 33716.0, 1315.46, -224.68,  -28.71,    34.971,   80.0017,    47.521
 33717.6, 1324.42, -252.63,  -27.91,    34.977,   80.0017,    47.541
 33719.3, 1338.95, -212.64,  -28.36,    35.008,   80.0018,    47.500
 33721.0, 1352.04, -270.59,  -26.10,    34.996,   80.0024,    47.500
 33722.7, 1381.41, -226.88,  -27.35,    35.001,   80.0024,    47.500
 33724.4, 1409.88, -192.08,  -26.72,    35.002,   80.0024,    47.500
 33726.1, 1429.17, -236.70,  -26.99,    35.010,   80.0027,    47.500
 33727.7, 1434.17, -213.69,  -28.05,    34.988,   80.0027,    47.500
 33729.4, 1434.37, -195.36,  -30.18,    34.995,   80.0030,    47.500
 33731.1, 1429.65, -260.28,  -27.55,    34.998,   80.0031,    47.500
 33734.1, 1477.17, -226.63,  -24.77,    35.001,   80.0031,    47.500
 33735.7, 1518.98, -195.75,  -25.96,    35.006,   80.0015,    47.500
 33737.3, 1553.51, -226.41,  -28.09,    35.000,   80.0014,    47.500
 33738.9, 1575.49, -176.70,  -29.11,    35.051,   80.0014,    47.455
 33740.5, 1587.95, -255.52,  -26.18,    35.002,   80.0022,    47.500
 33742.1, 1606.97, -174.13,  -28.49,    34.983,   80.0022,    47.500
 33743.8, 1623.85, -191.80,  -25.16,    34.975,   80.0022,    47.500
 33745.4, 1647.45, -242.77,  -26.05,    35.008,   80.0020,    47.500
 33747.1, 1671.32, -207.09,  -26.39,    35.016,   80.0020,    47.500
 33748.6, 1698.92, -197.70,  -27.46,    34.970,   80.0020,    47.500
 33750.2, 1722.87, -199.66,  -27.02,    35.017,   80.0003,    47.500
 33751.9, 1757.05, -202.10,  -25.25,    35.007,   79.9998,    47.500
 33753.5, 1816.48, -186.90,  -25.78,    34.977,   79.9998,    47.500
 33755.2, 1905.13, -207.92,  -23.25,    35.024,   79.9982,    47.500
 33756.8, 2018.19, -189.09,  -26.16,    35.019,   79.9975,    47.489
 33758.5, 2133.46, -214.65,  -22.89,    34.992,   79.9975,    47.438
 33760.1, 2256.90, -199.11,  -23.80,    34.979,   79.9972,    47.475
 33761.8, 2375.46, -177.94,  -22.88,    35.001,   79.9969,    47.496
 33764.8, 2573.14, -196.55,  -22.48,    34.995,   79.9965,    47.500
 33766.4, 2662.18, -192.01,  -23.58,    34.989,   79.9962,    47.500
 33768.1, 2739.37, -174.18,  -24.24,    35.015,   79.9962,    47.480
 33769.8, 2795.55, -168.99,  -23.58,    34.977,   79.9952,    47.482
 33771.5, 2850.92, -196.06,  -21.87,    35.005,   79.9939,    47.500
 33773.1, 2899.41, -185.22,  -22.61,    35.015,   79.9939,    47.463
 33775.0, 2952.14, -173.98,  -21.40,    34.990,   79.9951,    47.500
 33776.7, 2996.58, -168.49,  -21.58,    35.024,   79.9957,    47.500
 33778.4, 3031.32, -170.96,  -21.80,    34.991,   79.9957,    47.500
 33780.1, 3062.27, -162.64,  -22.04,    34.965,   79.9955,    47.500
 33781.8, 3091.54, -175.56,  -21.38,    34.992,   79.9954,    47.500
 33783.4, 3113.15, -156.35,  -21.42,    34.994,   79.9954,    47.500
 33785.1, 3141.43, -174.13,  -21.81,    35.029,   79.9953,    47.500
 33786.7, 3166.99, -165.09,  -22.05,    35.039,   79.9953,    47.500
 33788.3, 3189.14, -167.64,  -21.61,    34.990,   79.9953,    47.500
 33789.9, 3216.57, -167.18,  -21.47,    34.965,   79.9965,    47.500
 33791.5, 3249.03, -168.75,  -20.62,    35.015,   79.9978,    47.500
 33793.2, 3275.88, -143.05,  -21.35,    35.013,   79.9978,    47.500
 33796.3, 3313.68, -165.38,  -21.32,    34.989,   79.9991,    47.500
 33798.1, 3336.79, -159.65,  -20.73,    35.007,   79.9991,    47.500
 33799.8, 3356.03, -146.95,  -21.01,    35.009,   79.9993,    47.500
 33801.6, 3364.48, -162.71,  -20.88,    34.993,   79.9995,    47.500
 33803.3, 3384.27, -148.13,  -21.69,    34.980,   79.9995,    47.500
 33804.9, 3396.26, -167.54,  -20.66,    35.012,   79.9994,    47.500
 33806.5, 3412.19, -161.73,  -20.52,    35.003,   79.9993,    47.517
 33808.1, 3428.47, -150.59,  -22.01,    34.978,   79.9993,    47.500
 33809.8, 3442.58, -158.32,  -20.69,    34.991,   79.9998,    47.500
 33811.4, 3455.59, -153.28,  -20.43,    35.007,   80.0004,    47.501
 33813.0, 3471.92, -130.75,  -21.23,    35.007,   80.0004,    47.530
 33814.7, 3482.87, -145.66,  -19.96,    35.004,   79.9999,    47.518
 33816.4, 3497.38, -144.58,  -20.45,    35.008,   79.9995,    47.504
 33818.1, 3510.04, -150.11,  -20.90,    35.000,   79.9995,    47.500
 33819.8, 3523.89, -144.17,  -20.66,    35.001,   79.9984,    47.539
 33821.4, 3541.58, -148.52,  -20.87,    35.005,   79.9974,    47.500
 33823.0, 3559.12, -149.82,  -21.03,    34.980,   79.9974,    47.515
 33824.7, 3582.39, -135.87,  -20.60,    34.991,   79.9969,    47.525
 33827.7, 3624.56, -150.36,  -20.30,    35.020,   79.9958,    47.500
 33829.4, 3641.32, -149.08,  -20.06,    34.989,   79.9954,    47.500
 33831.2, 3661.71, -146.37,  -20.25,    34.978,   79.9948,    47.500
 33833.0, 3675.14, -144.00,  -20.14,    35.008,   79.9948,    47.500
 33834.6, 3691.04, -142.55,  -20.24,    34.991,   79.9942,    47.521
 33836.3, 3714.57, -122.43,  -20.97,    34.986,   79.9929,    47.524
 33837.9, 3740.55, -144.42,  -20.30,    34.986,   79.9929,    47.562
 33839.5, 3779.58, -134.95,  -21.13,    35.011,   79.9924,    47.551
 33841.1, 3813.20, -130.57,  -20.63,    34.989,   79.9918,    47.559
 33842.7, 3845.04, -137.30,  -20.64,    34.964,   79.9918,    47.534
 33844.3, 3875.96, -132.52,  -20.46,    35.000,   79.9921,    47.510
 33845.9, 3906.42, -140.79,  -20.48,    35.021,   79.9934,    47.548
 33847.5, 3928.96, -141.26,  -19.66,    35.008,   79.9934,    47.500
 33849.1, 3954.54, -130.53,  -20.51,    35.003,   79.9934,    47.500
 33850.8, 3978.32, -145.23,  -20.07,    35.000,   79.9947,    47.501
 33852.5, 3999.99, -139.63,  -18.95,    35.006,   79.9948,    47.521
 33854.1, 4019.45, -115.90,  -20.15,    35.004,   79.9951,    47.515
 33855.8, 4033.43, -138.89,  -19.72,    35.006,   79.9965,    47.534
 33858.9, 4046.59, -142.68,  -19.15,    34.997,   79.9965,    47.500
 33860.6, 4057.75, -130.55,  -20.27,    34.985,   79.9978,    47.519
 33862.3, 4065.77, -135.30,  -20.22,    35.018,   79.9980,    47.539
 33863.9, 4076.26, -139.18,  -19.81,    35.008,   79.9981,    47.562
 33865.5, 4095.20, -120.81,  -20.23,    35.002,   79.9992,    47.562
 33867.2, 4113.65, -135.21,  -19.94,    35.005,   79.9992,    47.562
 33868.8, 4135.84, -125.91,  -19.95,    35.006,   79.9992,    47.562
 33870.5, 4145.39, -137.96,  -19.81,    34.992,   80.0002,    47.562
 33872.2, 4140.77, -145.89,  -18.93,    34.998,   80.0004,    47.562
 33873.9, 4130.59, -138.19,  -19.57,    35.001,   80.0004,    47.562
 33875.6, 4109.12, -127.45,  -19.20,    34.996,   80.0010,    47.562
 33877.4, 4090.53, -112.01,  -19.44,    35.001,   80.0010,    47.562
 33879.0, 4070.30, -129.60,  -20.04,    34.995,   80.0010,    47.562
 33880.7, 4044.98, -142.09,  -19.61,    34.995,   80.0013,    47.562
 33882.4, 4019.07, -131.44,  -20.20,    34.993,   80.0013,    47.520
 33884.1, 3990.18, -131.30,  -20.64,    35.025,   80.0012,    47.506
 33885.8, 3949.60, -119.25,  -19.92,    35.021,   80.0003,    47.562
 33887.6, 3900.32, -137.87,  -19.66,    34.989,   80.0003,    47.562
 33890.6, 3834.47, -123.83,  -20.88,    35.009,   79.9992,    47.562
 33892.2, 3798.05, -137.43,  -20.32,    34.992,   79.9992,    47.542
 33893.9, 3771.56, -129.81,  -20.43,    35.004,   79.9992,    47.525
 33895.6, 3749.83, -134.65,  -19.69,    34.988,   79.9987,    47.508
 33897.3, 3743.30, -114.17,  -20.34,    35.007,   79.9986,    47.503
 33898.9, 3735.76, -123.26,  -20.26,    34.995,   79.9985,    47.542
 33900.5, 3744.03, -136.77,  -19.95,    34.980,   79.9982,    47.562
 33902.1, 3767.20, -119.76,  -20.67,    34.976,   79.9982,    47.518
 33903.8, 3804.38, -138.25,  -20.05,    35.015,   79.9982,    47.516
 33905.4, 3859.76, -123.02,  -19.84,    35.007,   79.9981,    47.505
 33907.0, 3925.33, -129.95,  -19.38,    34.996,   79.9981,    47.500
 33908.7, 3998.93, -142.29,  -19.20,    34.988,   79.9981,    47.516
 33910.4, 4075.52, -119.73,  -19.47,    35.006,   79.9994,    47.500
