apply_cal+QC/WISPER_raw_data/Raw_Data_Backup/WISPER_20160920_rawField.ict
40, 1001
David Noone
Oregon State University
Water Vapor Isotopic Analyzer (Picarro L2120i) - H2O concentration, D/H and 18O/16O isotope ratios (delta notation)
ORACLES
1, 1
2016, 09, 20, 2016, 09, 20
0
Start_UTC, seconds
6
1, 1, 1, 1, 1, 1
-9999, -9999, -9999, -9999, -9999, -9999
H2O_ppmv, ppmv
dD_permil, permil
d18O_permil, permil
pressure_cavity, torr
temp_cavity, degrees_celcius
temp_das, degrees_celcius
0
18
PI_CONTACT_INFO: Address: David Noone, CEOAS, Oregon State University, Corvallis OR 97331; email: nooned@oregonstate.edu
PLATFORM: NASA P3B (N426NA), sampling port side foward window from forward facing diffuser inlet
LOCATION: Aircraft location data decribed elsewhere
ASSOCIATED_DATA: see http://espoarchive.nasa.gov/archive/browse/oracles
INSTRUMENT_INFO: Water Vapor Isotopic Analyzer (Picarro L2120-i): cavity-ringdown tunable diode laser spectoscopy.
DATA_INFO: Units are ppmv for H2O and permil relative to SMOW for d18O and dD.
UNCERTAINTY: The absolute accuracy humidity dependent is in the range 1 % for H2O, 1 permil for dD and 0.5 permil for d18O.
ULOD_FLAG: -7777
ULOD_VALUE: N/A
LLOD_FLAG: -8888
LLOD_VALUE: N/A
DM_CONTACT_INFO: David Noone; Oregon State University; nooned@oregonstate.edu
PROJECT_INFO: ORACLES Mission August-October 2016; Southeast Atlantic/Walvis Bay, Namibia
STIPULATIONS_ON_USE: Until made public, only the ORACLES science team is allowed to use this data, per the ORACLES data protocol.
OTHER_COMMENTS: Data is uncalibrated, uncheck and not useful for science at this level
REVISION: RAW
RAW: Raw translation of Picarro output files to ICARTT format
Start_UTC, H2O_ppmv, dD_permil, d18O_permil, pressure_cavity, temp_cavity, temp_das
 23055.7,14118.14,  -52.28,  -37.85,    35.001,   78.3740,    41.750
 23057.7,14337.78, -102.77,  -19.92,    35.026,   78.3839,    41.750
[from data line 16696]
 52724.3, 1795.76, -254.49,  -30.10,    35.037,   79.9934,    49.438
 52726.0, 1839.62, -306.89,  -30.23,    35.017,   79.9938,    49.438
 52727.8, 1903.87, -268.80,  -24.65,    34.981,   79.9938,    49.438
 52729.5, 1991.89, -295.29,  -28.19,    35.012,   79.9939,    49.438
 52731.1, 2069.74, -245.98,  -29.44,    35.035,   79.9941,    49.438
 52732.9, 2122.96, -232.13,  -27.20,    35.015,   79.9941,    49.438
 52735.9, 2202.09, -243.07,  -25.42,    34.984,   79.9962,    49.438
 52737.6, 2246.31, -238.64,  -26.27,    35.005,   79.9962,    49.438
 52739.4, 2290.73, -211.39,  -26.05,    35.027,   79.9973,    49.438
 52741.2, 2314.56, -218.42,  -25.57,    34.998,   79.9991,    49.438
 52743.0, 2318.22, -230.42,  -24.37,    34.973,   79.9991,    49.438
 52744.7, 2316.96, -225.18,  -25.25,    34.989,   79.9995,    49.438
 52746.4, 2305.07, -206.10,  -25.16,    34.992,   80.0001,    49.438
 52748.2, 2293.23, -192.72,  -24.09,    34.990,   80.0001,    49.438
 52749.9, 2279.58, -219.99,  -22.99,    35.019,   80.0001,    49.438
 52751.6, 2252.84, -198.42,  -24.42,    35.024,   80.0001,    49.438
 52753.4, 2186.36, -218.95,  -22.91,    34.995,   80.0001,    49.438
 52755.1, 2110.36, -190.59,  -24.47,    35.017,   80.0001,    49.438
 52756.8, 2040.88, -189.55,  -24.92,    35.007,   80.0001,    49.438
 52758.5, 1999.46, -192.52,  -25.75,    34.956,   80.0001,    49.438
 52760.2, 1999.76, -235.19,  -25.12,    35.003,   79.9986,    49.438
 52762.0, 2021.58, -191.43,  -25.14,    35.025,   79.9982,    49.438
 52763.7, 2052.77, -179.28,  -24.76,    35.011,   79.9982,    49.438
 52765.4, 2077.21, -207.51,  -24.33,    35.000,   79.9979,    49.438
 52768.4, 2066.84, -207.86,  -24.14,    34.973,   79.9979,    49.438
 52770.2, 2027.52, -203.36,  -24.48,    34.960,   79.9972,    49.438
 52772.0, 1979.61, -190.13,  -24.55,    34.998,   79.9968,    49.438
 52773.7, 1949.79, -188.59,  -25.00,    34.998,   79.9968,    49.438
 52775.4, 1946.15, -157.71,  -25.86,    34.987,   79.9974,    49.438
 52777.1, 1963.00, -183.08,  -24.12,    35.025,   79.9974,    49.438
 52778.7, 1993.24, -171.62,  -24.86,    35.014,   79.9974,    49.438
 52780.3, 2015.94, -200.18,  -23.65,    34.970,   79.9974,    49.438
 52782.0, 2028.81, -184.95,  -24.57,    34.999,   79.9974,    49.438
 52783.6, 2017.62, -213.18,  -23.89,    35.008,   79.9974,    49.438
 52785.4, 1998.10, -178.97,  -25.12,    35.003,   79.9970,    49.438
 52787.1, 1972.75, -145.04,  -25.32,    35.024,   79.9969,    49.438
 52788.8, 1956.27, -151.30,  -25.33,    35.003,   79.9969,    49.438
 52790.5, 1951.94, -174.32,  -24.61,    34.980,   79.9979,    49.438
 52792.3, 1966.06, -156.99,  -24.46,    34.975,   79.9979,    49.438
 52794.0, 1991.12, -160.48,  -24.76,    34.994,   79.9980,    49.438
 52795.7, 2008.46, -181.84,  -23.82,    34.982,   79.9994,    49.438
 52797.3, 2018.16, -187.08,  -25.39,    34.982,   79.9994,    49.438
 52800.4, 2001.00, -169.31,  -25.25,    35.039,   80.0010,    49.438
 52802.2, 1975.45, -146.32,  -24.66,    34.973,   80.0015,    49.438
 52803.9, 1956.75, -204.93,  -23.05,    34.989,   80.0016,    49.438
 52805.7, 1951.99, -166.86,  -24.09,    34.995,   80.0026,    49.438
 52807.4, 1953.53, -147.74,  -25.93,    34.981,   80.0026,    49.438
 52809.1, 1955.73, -164.64,  -24.61,    35.014,   80.0027,    49.438
 52810.9, 1952.15, -179.57,  -23.21,    35.014,   80.0033,    49.438
 52812.7, 1945.45, -189.82,  -23.22,    34.993,   80.0033,    49.438
 52814.4, 1934.61, -152.54,  -23.65,    34.999,   80.0032,    49.438
 52816.1, 1922.63, -145.75,  -24.45,    34.974,   80.0030,    49.438
 52817.8, 1904.99, -167.01,  -24.17,    35.004,   80.0030,    49.438
 52819.5, 1882.85, -181.22,  -23.34,    35.003,   80.0032,    49.438
 52821.2, 1858.60, -164.63,  -24.55,    35.022,   80.0037,    49.438
 52822.9, 1834.07, -169.46,  -24.24,    35.000,   80.0037,    49.427
 52824.7, 1811.92, -165.92,  -24.64,    34.993,   80.0044,    49.414
 52826.4, 1794.70, -180.07,  -23.60,    34.988,   80.0057,    49.438
 52828.1, 1784.74, -165.33,  -25.29,    35.003,   80.0057,    49.404
 52829.8, 1774.70, -174.48,  -23.98,    34.990,   80.0051,    49.394
 52832.9, 1773.75, -159.59,  -23.39,    35.014,   80.0048,    49.421
 52834.6, 1784.12, -171.08,  -25.35,    35.004,   80.0051,    49.427
 52836.4, 1804.34, -166.17,  -25.47,    35.024,   80.0055,    49.406
 52838.2, 1827.58, -170.48,  -23.84,    35.008,   80.0055,    49.438
 52839.9, 1867.17, -201.90,  -23.99,    34.983,   80.0034,    49.417
 52841.5, 1922.21, -153.99,  -25.12,    34.976,   80.0033,    49.416
 52843.3, 1990.93, -191.86,  -20.77,    34.996,   80.0033,    49.420
 52845.1, 2081.12, -178.45,  -23.63,    35.040,   80.0020,    49.415
 52846.9, 2172.06, -167.95,  -23.44,    34.997,   80.0011,    49.375
 52848.7, 2265.53, -175.27,  -23.44,    34.983,   80.0011,    49.375
 52850.4, 2350.50, -168.54,  -23.61,    34.986,   80.0012,    49.432
 52852.1, 2425.08, -162.27,  -23.60,    35.003,   80.0012,    49.375
 52853.8, 2498.95, -157.26,  -23.28,    35.037,   80.0011,    49.375
 52855.6, 2562.90, -172.62,  -22.83,    35.032,   80.0006,    49.375
 52857.2, 2618.52, -158.89,  -23.05,    34.969,   80.0006,    49.375
 52859.0, 2663.23, -191.33,  -22.11,    35.009,   80.0006,    49.375
 52860.7, 2709.26, -154.74,  -21.18,    34.981,   80.0019,    49.375
 52862.5, 2770.15, -163.61,  -22.14,    35.015,   80.0019,    49.375
 52865.7, 2899.40, -171.11,  -21.68,    34.999,   79.9995,    49.375
 52867.5, 2981.41, -152.73,  -22.07,    35.000,   79.9995,    49.392
 52869.3, 3050.44, -157.07,  -20.96,    34.988,   79.9995,    49.375
 52871.0, 3106.61, -166.61,  -20.61,    35.019,   80.0002,    49.397
 52872.8, 3156.17, -146.96,  -21.39,    34.984,   80.0003,    49.396
 52874.5, 3196.55, -154.94,  -21.60,    34.987,   80.0003,    49.375
 52876.2, 3238.38, -142.28,  -21.47,    35.029,   80.0001,    49.375
 52877.9, 3275.33, -153.75,  -20.64,    35.004,   80.0000,    49.375
 52879.5, 3323.62, -152.19,  -21.10,    35.011,   80.0013,    49.375
 52881.3, 3372.11, -131.12,  -21.48,    34.990,   80.0028,    49.375
 52883.0, 3416.79, -156.90,  -20.90,    35.004,   80.0028,    49.375
 52884.7, 3467.73, -136.12,  -20.70,    35.008,   80.0024,    49.375
 52886.3, 3526.41, -133.76,  -21.07,    35.023,   80.0020,    49.427
 52888.1, 3598.41, -142.70,  -20.99,    35.002,   80.0020,    49.378
 52889.9, 3681.85, -140.59,  -21.37,    35.012,   80.0026,    49.375
 52891.6, 3765.28, -140.74,  -20.33,    35.005,   80.0031,    49.375
 52893.3, 3854.01, -133.42,  -21.44,    35.000,   80.0031,    49.383
 52895.1, 3939.13, -149.32,  -20.83,    35.019,   80.0031,    49.421
 52898.2, 4101.37, -150.71,  -19.67,    34.992,   80.0033,    49.375
 52900.0, 4189.05, -145.85,  -19.69,    35.000,   80.0034,    49.375
 52901.7, 4270.64, -149.43,  -20.29,    35.009,   80.0034,    49.392
 52903.5, 4338.64, -139.26,  -19.92,    35.013,   80.0034,    49.375
 52905.2, 4389.50, -144.60,  -19.23,    35.007,   80.0029,    49.375
 52906.9, 4434.14, -128.21,  -19.04,    34.999,   80.0026,    49.387
 52908.6, 4474.23, -139.87,  -19.37,    35.000,   80.0026,    49.384
 52910.3, 4505.63, -127.09,  -19.06,    35.000,   80.0034,    49.432
 52912.0, 4530.31, -131.59,  -19.17,    34.997,   80.0034,    49.384
 52913.7, 4555.03, -128.78,  -18.88,    35.014,   80.0033,    49.423
 52915.5, 4571.10, -130.01,  -19.43,    35.020,   80.0026,    49.386
 52917.3, 4583.43, -121.12,  -20.17,    34.992,   80.0026,    49.385
 52919.0, 4594.50, -122.64,  -19.70,    35.025,   80.0026,    49.375
 52920.8, 4597.80, -132.88,  -19.28,    35.012,   80.0023,    49.375
 52922.5, 4603.12, -123.93,  -19.63,    35.015,   80.0023,    49.375
 52924.1, 4602.62, -121.97,  -19.59,    35.009,   80.0023,    49.375
 52925.8, 4600.46, -120.68,  -19.24,    34.994,   80.0025,    49.391
 52927.6, 4592.77, -119.88,  -19.49,    35.000,   80.0025,    49.375
 52930.7, 4585.71, -116.33,  -19.52,    35.022,   80.0025,    49.375
 52932.3, 4573.39, -130.31,  -18.96,    35.034,   80.0025,    49.375
 52934.0, 4558.92, -129.40,  -19.15,    34.991,   80.0026,    49.375
 52935.8, 4544.16, -123.54,  -19.15,    35.013,   80.0038,    49.375
 52937.5, 4530.32, -125.78,  -19.26,    35.008,   80.0038,    49.375
 52939.3, 4519.28, -119.36,  -19.42,    35.030,   80.0037,    49.375
 52941.0, 4505.31, -123.21,  -19.44,    35.003,   80.0034,    49.375
 52942.7, 4497.39, -135.31,  -19.31,    35.007,   80.0034,    49.375
 52944.4, 4492.83, -126.63,  -19.18,    35.017,   80.0036,    49.375
 52946.2, 4482.55, -132.10,  -19.22,    34.992,   80.0038,    49.375
 52947.9, 4481.34, -123.54,  -19.30,    35.012,   80.0038,    49.375
 52949.6, 4474.81, -124.23,  -18.72,    35.002,   80.0032,    49.375
 52951.2, 4473.38, -112.27,  -19.25,    35.016,   80.0019,    49.375
 52952.9, 4468.43, -119.37,  -19.37,    35.002,   80.0019,    49.375
 52954.6, 4464.71, -136.86,  -19.03,    34.989,   80.0016,    49.375
 52956.3, 4466.73, -120.70,  -19.03,    35.010,   80.0013,    49.375
 52958.1, 4465.22, -125.04,  -19.59,    34.994,   80.0013,    49.375
 52959.8, 4464.85, -125.11,  -19.17,    34.997,   80.0013,    49.375
 52963.0, 4468.42, -116.00,  -19.26,    34.997,   80.0013,    49.375
 52964.7, 4467.13, -125.98,  -18.75,    34.984,   80.0012,    49.375
 52966.5, 4477.82, -110.50,  -19.32,    34.992,   80.0000,    49.375
 52968.3, 4476.65, -122.83,  -19.08,    35.007,   80.0000,    49.375
 52970.0, 4476.40, -122.49,  -18.78,    35.010,   80.0002,    49.375
 52971.8, 4480.39, -113.05,  -19.81,    35.001,   80.0006,    49.392
 52973.5, 4482.49, -118.64,  -18.87,    35.007,   80.0006,    49.375
 52975.2, 4482.77, -117.44,  -19.24,    35.004,   80.0000,    49.375
 52977.0, 4489.99, -120.09,  -18.94,    35.001,   79.9999,    49.375
 52978.7, 4490.49, -122.96,  -18.99,    35.030,   79.9999,    49.375
 52980.4, 4485.53, -109.52,  -18.91,    35.008,   80.0010,    49.375
 52982.1, 4487.53, -118.78,  -19.20,    34.997,   80.0014,    49.375
 52983.8, 4491.72, -119.98,  -19.18,    34.987,   80.0014,    49.375
 52985.5, 4495.68, -110.09,  -19.41,    34.997,   80.0023,    49.375
 52987.2, 4494.87, -116.14,  -18.60,    35.010,   80.0023,    49.375
 52989.0, 4500.11, -108.89,  -19.06,    35.015,   80.0023,    49.375
 52990.7, 4505.11, -114.51,  -18.64,    34.992,   80.0015,    49.375
 52992.5, 4511.08, -118.39,  -18.81,    35.009,   80.0014,    49.375
 52995.6, 4517.01, -120.13,  -18.37,    35.003,   80.0023,    49.375
 52997.3, 4524.93, -105.46,  -19.10,    34.996,   80.0023,    49.375
 52999.0, 4532.74, -112.55,  -18.65,    35.010,   80.0023,    49.391
 53000.7, 4534.54, -121.51,  -18.51,    35.025,   80.0040,    49.375
 53002.5, 4541.17, -123.93,  -18.23,    34.994,   80.0044,    49.375
 53004.3, 4555.64, -112.79,  -19.00,    35.007,   80.0036,    49.375
 53006.1, 4560.92, -112.10,  -18.53,    35.008,   80.0025,    49.375
 53007.8, 4567.84, -112.88,  -18.78,    34.995,   80.0025,    49.375
 53009.5, 4576.49, -113.32,  -18.46,    34.983,   80.0028,    49.375
 53011.2, 4583.72, -112.04,  -18.45,    35.020,   80.0037,    49.375
 53012.9, 4588.28, -112.49,  -18.84,    35.014,   80.0037,    49.375
 53014.7, 4587.96, -114.76,  -19.00,    35.017,   80.0036,    49.375
 53016.4, 4590.22, -118.23,  -18.18,    34.992,   80.0031,    49.375
 53018.1, 4596.02, -108.32,  -19.03,    35.004,   80.0031,    49.375
 53019.8, 4594.84, -123.69,  -18.25,    35.008,   80.0031,    49.375
 53021.5, 4597.90, -119.41,  -18.82,    35.004,   80.0026,    49.375
 53023.2, 4599.88, -118.93,  -18.53,    35.004,   80.0026,    49.375
 53024.9, 4596.01, -114.21,  -17.86,    35.016,   80.0028,    49.375
 53028.1, 4590.42, -116.79,  -18.20,    35.000,   80.0029,    49.375
 53029.9, 4591.52, -112.48,  -18.69,    34.992,   80.0020,    49.375
 53031.5, 4586.53, -119.78,  -18.21,    35.009,   80.0012,    49.375
 53033.2, 4587.37, -114.76,  -19.03,    35.010,   80.0012,    49.375
 53035.0, 4586.76, -102.52,  -18.48,    35.016,   80.0013,    49.375
 53036.8, 4583.84, -111.18,  -18.80,    34.979,   80.0014,    49.375
 53038.5, 4581.52, -115.51,  -17.62,    35.003,   80.0014,    49.429
 53040.3, 4586.86, -113.24,  -19.13,    35.010,   80.0009,    49.389
 53042.1, 4580.77, -121.51,  -17.91,    34.983,   80.0007,    49.438
 53043.8, 4582.83, -125.85,  -18.62,    35.007,   80.0007,    49.438
 53045.5, 4582.11, -109.34,  -18.65,    35.013,   80.0020,    49.438
 53047.2, 4575.92, -121.07,  -17.75,    35.010,   80.0031,    49.430
 53049.0, 4572.43, -109.90,  -18.46,    35.000,   80.0029,    49.438
 53050.7, 4568.18, -109.92,  -18.26,    35.022,   80.0019,    49.438
 53052.4, 4557.06, -116.95,  -18.17,    35.018,   80.0019,    49.438
 53054.1, 4545.84, -115.38,  -17.30,    35.009,   80.0020,    49.438
 53055.9, 4538.75, -115.75,  -18.44,    35.009,   80.0026,    49.392
 53057.7, 4526.68, -110.68,  -18.80,    35.000,   80.0026,    49.375
 53060.7, 4502.66, -112.06,  -18.10,    35.006,   80.0014,    49.438
 53062.5, 4485.54, -119.17,  -18.25,    35.010,   80.0014,    49.438
 53064.2, 4472.17,  -99.16,  -18.81,    35.007,   80.0013,    49.438
 53065.9, 4454.44, -114.46,  -18.32,    35.009,   80.0009,    49.438
 53067.6, 4444.36, -114.40,  -18.32,    34.996,   80.0009,    49.438
 53069.3, 4437.84, -104.63,  -18.54,    35.029,   80.0007,    49.438
 53071.0, 4427.54, -118.27,  -19.11,    34.995,   79.9995,    49.438
 53072.7, 4416.38, -114.70,  -18.71,    35.017,   79.9995,    49.438
 53074.5, 4393.50, -111.18,  -18.53,    35.000,   79.9994,    49.438
 53076.1, 4374.99, -113.29,  -18.97,    34.990,   79.9993,    49.438
 53077.7, 4357.64, -115.06,  -18.77,    35.008,   79.9993,    49.438
 53079.4, 4336.60, -115.92,  -18.98,    35.005,   79.9991,    49.438
 53081.0, 4320.63, -115.62,  -18.83,    35.019,   79.9984,    49.438
 53082.7, 4305.01, -109.23,  -19.23,    34.990,   79.9984,    49.421
 53084.4, 4296.74,  -95.16,  -18.77,    35.011,   79.9989,    49.398
 53086.0, 4286.02, -103.83,  -18.63,    35.012,   79.9997,    49.438
 53087.7, 4279.51, -127.16,  -18.87,    34.990,   79.9997,    49.432
 53089.4, 4277.90, -119.17,  -19.22,    35.005,   79.9997,    49.421
 53092.4, 4267.88, -125.80,  -19.13,    35.008,   80.0000,    49.438
 53094.1, 4260.19, -125.08,  -18.84,    34.998,   80.0003,    49.438
 53095.8, 4259.83, -117.47,  -18.98,    35.011,   80.0014,    49.438
 53097.4, 4255.58, -118.54,  -19.20,    35.011,   80.0014,    49.438
 53099.1, 4254.87, -109.35,  -19.00,    35.017,   80.0018,    49.438
 53100.8, 4252.15, -117.72,  -18.66,    35.007,   80.0037,    49.438
 53102.5, 4252.03,  -97.69,  -19.11,    34.994,   80.0037,    49.438
 53104.3, 4247.12, -124.35,  -18.14,    34.999,   80.0038,    49.438
 53106.0, 4247.05, -118.67,  -19.08,    35.036,   80.0043,    49.438
 53107.7, 4236.66, -103.36,  -18.66,    35.022,   80.0043,    49.421
 53109.4, 4223.76, -112.19,  -19.01,    35.009,   80.0045,    49.438
 53111.0, 4201.33, -120.34,  -18.81,    35.006,   80.0056,    49.438
 53112.7, 4181.61, -115.25,  -19.26,    35.011,   80.0056,    49.438
 53114.4, 4152.61, -122.21,  -18.62,    35.005,   80.0057,    49.438
 53116.1, 4144.49, -106.42,  -19.18,    35.006,   80.0059,    49.438
 53117.7, 4136.59, -120.59,  -18.67,    35.028,   80.0059,    49.417
 53119.4, 4134.25, -125.53,  -18.65,    35.012,   80.0058,    49.421
 53121.1, 4136.41, -119.27,  -19.11,    35.016,   80.0055,    49.438
 53124.2, 4127.56, -111.89,  -18.65,    35.032,   80.0057,    49.438
 53125.9, 4114.52, -104.31,  -18.91,    35.008,   80.0063,    49.422
 53127.6, 4096.51, -122.56,  -19.06,    35.001,   80.0063,    49.438
 53129.3, 4087.28, -111.15,  -19.32,    35.022,   80.0056,    49.438
 53131.1, 4072.23, -110.90,  -18.45,    35.004,   80.0043,    49.438
 53132.9, 4070.47, -122.01,  -18.94,    34.999,   80.0043,    49.438
 53134.6, 4075.60, -125.19,  -18.74,    34.992,   80.0037,    49.417
 53136.3, 4095.06, -116.92,  -19.91,    35.020,   80.0026,    49.415
 53137.9, 4095.90, -118.52,  -18.54,    34.988,   80.0026,    49.417
