apply_cal+QC/WISPER_data/raw/WISPER_20160929_rawField.ict
40, 1001
David Noone
Oregon State University
Water Vapor Isotopic Analyzer (Picarro L2120i) - H2O concentration, D/H and 18O/16O isotope ratios (delta notation)
ORACLES
1, 1
2016, 09, 29, 2016, 09, 29
0
Start_UTC, seconds
6
1, 1, 1, 1, 1, 1
-9999, -9999, -9999, -9999, -9999, -9999
H2O_ppmv, ppmv
dD_permil, permil
d18O_permil, permil
pressure_cavity, torr
temp_cavity, degrees_celcius
temp_das, degrees_celcius
0
18
PI_CONTACT_INFO: Address: David Noone, CEOAS, Oregon State University, Corvallis OR 97331; email: nooned@oregonstate.edu
PLATFORM: NASA P3B (N426NA), sampling port side foward window from forward facing diffuser inlet
LOCATION: Aircraft location data decribed elsewhere
ASSOCIATED_DATA: see http://espoarchive.nasa.gov/archive/browse/oracles
INSTRUMENT_INFO: Water Vapor Isotopic Analyzer (Picarro L2120-i): cavity-ringdown tunable diode laser spectoscopy.
DATA_INFO: Units are ppmv for H2O and permil relative to SMOW for d18O and dD.
UNCERTAINTY: The absolute accuracy humidity dependent is in the range 1 % for H2O, 1 permil for dD and 0.5 permil for d18O.
ULOD_FLAG: -7777
ULOD_VALUE: N/A
LLOD_FLAG: -8888
LLOD_VALUE: N/A
DM_CONTACT_INFO: David Noone; Oregon State University; nooned@oregonstate.edu
PROJECT_INFO: ORACLES Mission August-October 2016; Southeast Atlantic/Walvis Bay, Namibia
STIPULATIONS_ON_USE: Until made public, only the ORACLES science team is allowed to use this data, per the ORACLES data protocol.
OTHER_COMMENTS: Data is uncalibrated, uncheck and not useful for science at this level
REVISION: RAW
RAW: Raw translation of Picarro output files to ICARTT format
Start_UTC, H2O_ppmv, dD_permil, d18O_permil, pressure_cavity, temp_cavity, temp_das
 25254.1,24470.30,  184.82,    0.08,    35.022,   78.3896,    39.938
 25256.0,24504.32,  223.71,   -6.09,    35.004,   78.4305,    39.938
[from data line 19015]
 58503.6, 7708.54, -206.11,  -29.38,    34.993,   79.9945,    47.812
 58505.3, 7729.25, -202.23,  -28.77,    35.004,   79.9952,    47.812
 58507.0, 7749.14, -198.71,  -29.62,    34.995,   79.9956,    47.812
 58508.6, 7753.92, -198.04,  -28.61,    35.007,   79.9956,    47.812
 58510.3, 7755.55, -207.27,  -28.50,    35.001,   79.9958,    47.812
 58511.9, 7758.75, -203.82,  -29.55,    35.011,   79.9958,    47.812
 58513.6, 7743.30, -209.58,  -27.90,    34.984,   79.9958,    47.812
 58515.3, 7756.16, -201.49,  -29.25,    35.004,   79.9948,    47.812
 58516.9, 7765.77, -197.24,  -29.77,    35.013,   79.9944,    47.812
 58519.9, 7792.17, -201.21,  -29.89,    34.994,   79.9943,    47.812
 58521.5, 7816.29, -198.26,  -28.96,    35.005,   79.9942,    47.812
 58523.1, 7854.65, -209.82,  -29.37,    35.010,   79.9942,    47.812
 58524.9, 7897.64, -202.28,  -29.05,    35.013,   79.9945,    47.812
 58526.6, 7935.22, -205.80,  -29.61,    35.019,   79.9948,    47.812
 58528.3, 7956.64, -207.12,  -29.21,    34.968,   79.9948,    47.812
 58530.0, 7985.76, -207.03,  -29.69,    34.996,   79.9943,    47.812
 58531.6, 7996.74, -210.17,  -29.91,    35.005,   79.9942,    47.812
 58533.3, 7994.19, -208.17,  -29.50,    35.003,   79.9942,    47.812
 58535.0, 8008.92, -207.86,  -30.56,    34.995,   79.9932,    47.812
 58536.6, 8017.96, -214.03,  -30.25,    34.991,   79.9929,    47.812
 58538.3, 8041.61, -214.69,  -29.97,    35.018,   79.9929,    47.812
 58539.9, 8070.46, -210.46,  -30.75,    35.004,   79.9930,    47.812
 58541.6, 8096.39, -215.15,  -30.34,    34.992,   79.9931,    47.812
 58543.2, 8136.04, -214.01,  -30.67,    34.997,   79.9931,    47.812
 58544.9, 8179.56, -214.10,  -30.50,    35.002,   79.9931,    47.812
 58546.5, 8223.90, -211.62,  -30.82,    34.995,   79.9931,    47.812
 58548.2, 8263.14, -210.78,  -30.40,    34.992,   79.9931,    47.812
 58551.4, 8308.76, -213.79,  -30.54,    35.021,   79.9950,    47.812
 58553.1, 8310.70, -216.64,  -30.52,    34.996,   79.9950,    47.812
 58554.8, 8310.57, -208.63,  -30.76,    35.002,   79.9949,    47.812
 58556.4, 8301.96, -206.21,  -30.93,    34.980,   79.9948,    47.812
 58558.1, 8298.55, -211.12,  -30.27,    34.990,   79.9948,    47.812
 58559.9, 8299.19, -207.75,  -30.18,    35.001,   79.9959,    47.812
 58561.6, 8299.36, -213.35,  -30.15,    34.995,   79.9965,    47.812
 58563.3, 8307.17, -209.36,  -29.79,    34.996,   79.9965,    47.812
 58565.0, 8325.02, -216.47,  -30.63,    34.992,   79.9975,    47.812
 58566.6, 8338.21, -210.57,  -30.53,    34.989,   79.9981,    47.812
 58568.2, 8355.63, -209.59,  -30.11,    35.003,   79.9981,    47.812
 58569.8, 8366.90, -211.77,  -29.98,    35.010,   79.9983,    47.812
 58571.4, 8381.11, -214.22,  -30.26,    35.023,   79.9986,    47.812
 58573.1, 8384.03, -211.90,  -30.37,    35.017,   79.9986,    47.812
 58574.9, 8385.13, -212.59,  -29.85,    35.008,   79.9984,    47.812
 58576.6, 8383.22, -212.66,  -30.33,    34.998,   79.9983,    47.812
 58578.3, 8376.89, -208.36,  -30.20,    34.984,   79.9983,    47.798
 58580.0, 8373.35, -210.07,  -29.82,    35.002,   79.9984,    47.805
 58583.1, 8353.49, -215.08,  -29.52,    35.003,   79.9984,    47.812
 58584.8, 8352.87, -209.99,  -30.44,    34.999,   79.9985,    47.812
 58586.4, 8348.45, -212.08,  -30.49,    34.998,   79.9985,    47.812
 58588.2, 8354.70, -202.81,  -29.90,    34.985,   79.9985,    47.812
 58589.9, 8369.99, -217.41,  -30.41,    35.009,   79.9986,    47.812
 58591.6, 8381.26, -209.53,  -30.47,    35.018,   79.9986,    47.812
 58593.3, 8379.11, -214.56,  -30.27,    34.975,   79.9986,    47.812
 58595.0, 8386.11, -202.23,  -29.91,    34.987,   79.9984,    47.812
 58596.6, 8386.28, -211.16,  -30.32,    35.019,   79.9983,    47.812
 58598.3, 8366.82, -207.50,  -30.18,    35.023,   79.9983,    47.812
 58600.1, 8339.33, -206.66,  -29.96,    34.996,   79.9987,    47.812
 58601.8, 8317.05, -209.98,  -30.33,    35.003,   79.9989,    47.812
 58603.4, 8284.23, -209.05,  -30.16,    34.975,   79.9989,    47.812
 58605.0, 8276.65, -209.36,  -30.88,    34.985,   79.9998,    47.812
 58606.7, 8276.02, -217.65,  -30.03,    35.011,   80.0003,    47.812
 58608.5, 8295.92, -212.15,  -30.16,    35.010,   80.0003,    47.812
 58610.2, 8314.13, -222.32,  -30.32,    35.008,   80.0005,    47.812
 58611.9, 8320.49, -214.73,  -29.90,    34.988,   80.0006,    47.812
 58615.0, 8340.06, -206.21,  -30.12,    34.994,   80.0005,    47.812
 58616.7, 8356.04, -208.35,  -29.62,    35.013,   80.0004,    47.812
 58618.4, 8385.65, -205.31,  -29.57,    35.018,   80.0004,    47.812
 58620.2, 8390.21, -204.61,  -29.47,    34.993,   80.0016,    47.812
 58622.0, 8384.03, -210.37,  -29.82,    34.994,   80.0023,    47.812
 58623.7, 8362.63, -207.03,  -29.89,    35.010,   80.0023,    47.812
 58625.3, 8344.70, -208.46,  -29.50,    34.996,   80.0011,    47.812
 58627.1, 8338.69, -211.09,  -29.42,    35.009,   80.0007,    47.812
 58628.8, 8349.19, -206.92,  -29.49,    35.006,   80.0007,    47.812
 58630.5, 8364.46, -202.83,  -29.59,    35.000,   80.0004,    47.812
 58632.3, 8370.57, -205.26,  -29.12,    34.992,   80.0004,    47.812
 58634.0, 8369.43, -214.61,  -29.51,    34.994,   80.0004,    47.812
 58635.8, 8351.48, -201.66,  -29.64,    34.979,   80.0007,    47.830
 58637.5, 8312.04, -212.23,  -28.96,    35.005,   80.0007,    47.812
 58639.2, 8269.19, -201.57,  -29.61,    34.995,   80.0007,    47.812
 58640.8, 8226.23, -208.07,  -29.95,    34.977,   80.0019,    47.812
 58642.5, 8178.06, -198.50,  -29.06,    35.017,   80.0019,    47.812
 58644.2, 8127.13, -208.56,  -29.41,    35.002,   80.0019,    47.812
 58647.2, 8024.86, -199.66,  -29.30,    35.010,   80.0020,    47.812
 58648.9, 7960.74, -201.65,  -29.63,    34.954,   80.0020,    47.812
 58650.6, 7911.34, -208.58,  -29.04,    35.001,   80.0020,    47.812
 58652.3, 7856.29, -194.90,  -29.20,    35.022,   80.0020,    47.812
 58653.9, 7807.06, -197.80,  -29.60,    34.987,   80.0020,    47.812
 58655.5, 7757.63, -205.87,  -28.80,    34.999,   80.0012,    47.812
 58657.2, 7718.17, -205.50,  -29.30,    35.030,   80.0011,    47.812
 58658.8, 7658.72, -212.82,  -29.10,    35.000,   80.0011,    47.812
 58660.5, 7606.99, -196.03,  -28.88,    34.983,   80.0018,    47.812
 58662.3, 7554.27, -206.35,  -29.65,    34.992,   80.0021,    47.812
 58663.9, 7492.68, -198.36,  -28.77,    35.012,   80.0021,    47.812
 58665.6, 7429.75, -211.44,  -29.27,    34.977,   80.0034,    47.812
 58667.3, 7376.04, -197.99,  -28.09,    35.011,   80.0034,    47.812
 58669.0, 7318.61, -197.21,  -28.81,    35.004,   80.0034,    47.812
 58670.7, 7275.38, -205.76,  -29.33,    34.985,   80.0030,    47.812
 58672.4, 7257.77, -189.86,  -28.71,    35.006,   80.0030,    47.812
 58674.2, 7250.00, -205.60,  -28.93,    35.005,   80.0030,    47.812
 58675.9, 7250.19, -193.45,  -28.72,    35.003,   80.0026,    47.812
 58679.0, 7263.32, -200.42,  -28.91,    34.990,   80.0026,    47.812
 58680.6, 7276.29, -204.08,  -29.21,    35.001,   80.0036,    47.812
 58682.3, 7290.94, -198.70,  -29.03,    35.012,   80.0036,    47.812
 58683.9, 7300.62, -200.06,  -28.46,    35.008,   80.0036,    47.812
 58685.6, 7322.59, -199.26,  -29.48,    34.986,   80.0014,    47.812
 58687.2, 7338.15, -202.71,  -28.62,    34.980,   80.0014,    47.812
 58688.8, 7367.71, -201.44,  -29.41,    35.019,   80.0014,    47.812
 58690.5, 7383.73, -207.13,  -28.92,    34.996,   80.0016,    47.812
 58692.2, 7408.26, -196.34,  -29.19,    35.000,   80.0017,    47.812
 58693.9, 7426.12, -206.61,  -28.59,    35.003,   80.0016,    47.812
 58695.6, 7441.68, -196.19,  -28.77,    34.997,   80.0012,    47.830
 58697.3, 7463.49, -199.24,  -28.79,    34.983,   80.0012,    47.812
 58699.0, 7483.97, -200.96,  -28.70,    35.001,   80.0012,    47.812
 58700.8, 7493.71, -199.21,  -28.68,    35.013,   80.0011,    47.812
 58702.5, 7499.33, -206.43,  -29.06,    35.003,   80.0011,    47.812
 58704.1, 7505.98, -198.62,  -28.68,    35.018,   80.0011,    47.812
 58705.8, 7503.11, -202.50,  -29.04,    34.981,   80.0017,    47.812
 58707.5, 7502.75, -197.43,  -28.53,    35.001,   80.0017,    47.812
 58710.6, 7487.41, -200.40,  -27.44,    35.014,   80.0040,    47.792
 58712.4, 7485.80, -203.15,  -29.07,    34.967,   80.0040,    47.812
 58714.0, 7492.51, -203.87,  -28.81,    35.014,   80.0040,    47.792
 58715.7, 7493.70, -200.36,  -28.65,    35.020,   80.0051,    47.812
 58717.3, 7493.62, -194.16,  -28.46,    34.992,   80.0051,    47.812
 58719.0, 7503.73, -200.51,  -29.32,    35.006,   80.0051,    47.812
 58720.7, 7495.38, -197.86,  -28.76,    35.000,   80.0051,    47.812
 58722.4, 7478.72, -202.11,  -29.26,    35.020,   80.0051,    47.784
 58724.1, 7392.56, -198.55,  -27.74,    34.974,   80.0051,    47.768
 58725.8, 7265.67, -188.58,  -28.57,    35.006,   80.0069,    47.811
 58727.5, 7066.01, -196.32,  -28.99,    35.000,   80.0070,    47.792
 58729.2, 6825.96, -200.40,  -27.26,    35.005,   80.0071,    47.812
 58730.9, 6558.27, -198.33,  -29.45,    35.000,   80.0073,    47.812
 58732.6, 6268.13, -206.60,  -29.94,    34.999,   80.0073,    47.812
 58734.4, 5975.36, -199.55,  -30.55,    34.995,   80.0072,    47.812
 58736.1, 5722.69, -204.24,  -31.39,    34.995,   80.0071,    47.792
 58737.8, 5504.19, -209.19,  -31.54,    35.003,   80.0071,    47.798
 58739.5, 5326.04, -197.88,  -29.80,    34.995,   80.0068,    47.812
 58742.7, 5099.28, -216.37,  -29.62,    35.009,   80.0063,    47.812
 58744.3, 5030.92, -204.15,  -31.57,    34.992,   80.0059,    47.812
 58745.9, 4974.03, -216.08,  -30.72,    34.993,   80.0047,    47.812
 58747.6, 4947.41, -209.97,  -31.51,    35.023,   80.0047,    47.812
 58749.2, 4935.21, -201.26,  -31.53,    35.000,   80.0046,    47.770
 58750.9, 4942.66, -219.70,  -30.96,    35.004,   80.0044,    47.788
 58752.5, 4971.21, -221.20,  -31.72,    34.982,   80.0044,    47.750
 58754.2, 5013.53, -216.67,  -31.31,    34.989,   80.0042,    47.777
 58755.7, 5063.24, -219.12,  -31.23,    35.001,   80.0027,    47.765
 58757.4, 5124.35, -209.02,  -31.81,    35.011,   80.0027,    47.798
 58759.0, 5180.95, -219.42,  -31.30,    35.014,   80.0027,    47.761
 58760.6, 5244.00, -226.29,  -30.30,    34.995,   80.0018,    47.781
 58762.2, 5325.77, -219.95,  -32.21,    35.006,   80.0016,    47.802
 58763.8, 5411.08, -209.99,  -31.41,    34.993,   80.0016,    47.802
 58765.6, 5509.42, -221.05,  -31.11,    34.996,   80.0023,    47.773
 58767.3, 5616.90, -213.96,  -31.20,    35.005,   80.0024,    47.750
 58769.0, 5709.43, -215.94,  -31.07,    35.002,   80.0024,    47.750
 58770.8, 5796.53, -218.92,  -30.78,    34.982,   80.0037,    47.750
 58773.8, 5955.37, -226.85,  -31.00,    35.013,   80.0037,    47.812
 58775.5, 6044.47, -213.94,  -31.40,    34.989,   80.0040,    47.812
 58777.1, 6127.48, -224.34,  -30.61,    34.981,   80.0041,    47.812
 58778.9, 6217.93, -218.39,  -30.58,    35.012,   80.0042,    47.812
 58780.6, 6295.88, -222.32,  -30.80,    34.993,   80.0054,    47.812
 58782.2, 6377.57, -216.08,  -31.15,    34.995,   80.0054,    47.812
 58784.0, 6453.87, -219.67,  -30.47,    35.003,   80.0054,    47.812
 58785.7, 6515.99, -227.42,  -30.29,    35.018,   80.0046,    47.812
 58787.4, 6568.63, -227.52,  -30.64,    34.988,   80.0045,    47.812
 58789.0, 6614.29, -225.56,  -30.76,    35.010,   80.0045,    47.812
 58790.7, 6651.71, -206.62,  -31.15,    35.011,   80.0042,    47.812
 58792.3, 6679.12, -222.56,  -30.81,    34.996,   80.0042,    47.812
 58794.0, 6708.65, -212.05,  -31.32,    34.995,   80.0042,    47.812
 58795.7, 6730.03, -220.60,  -30.39,    34.995,   80.0034,    47.812
 58797.4, 6751.63, -211.18,  -30.92,    35.007,   80.0033,    47.812
 58799.2, 6766.25, -222.88,  -30.71,    34.987,   80.0035,    47.812
 58800.8, 6794.77, -207.19,  -31.05,    35.011,   80.0043,    47.812
 58802.6, 6814.86, -216.69,  -30.98,    35.001,   80.0043,    47.812
 58805.7, 6850.01, -213.72,  -30.99,    34.972,   80.0050,    47.812
 58807.3, 6872.06, -213.98,  -31.07,    34.974,   80.0050,    47.812
 58809.0, 6900.82, -208.75,  -30.42,    35.007,   80.0050,    47.812
 58810.8, 6936.04, -218.67,  -30.45,    35.044,   80.0048,    47.812
 58812.5, 6966.58, -209.56,  -30.68,    34.998,   80.0048,    47.792
 58814.1, 6997.28, -226.71,  -30.31,    34.978,   80.0047,    47.794
 58815.8, 7041.34, -217.32,  -30.87,    35.024,   80.0039,    47.812
 58817.5, 7069.29, -216.15,  -30.79,    35.016,   80.0039,    47.773
 58819.2, 7092.47, -218.19,  -31.11,    34.986,   80.0040,    47.754
 58820.8, 7118.62, -218.97,  -30.00,    34.994,   80.0055,    47.796
 58822.5, 7149.82, -219.09,  -30.39,    35.013,   80.0055,    47.812
 58824.1, 7169.91, -214.79,  -30.77,    34.996,   80.0055,    47.812
 58825.8, 7181.26, -212.63,  -30.27,    34.989,   80.0052,    47.790
 58827.5, 7190.59, -211.90,  -30.20,    35.000,   80.0051,    47.796
 58829.2, 7189.15, -213.89,  -29.96,    35.013,   80.0053,    47.802
 58830.9, 7177.70, -214.03,  -30.61,    35.013,   80.0056,    47.794
 58832.6, 7162.44, -208.74,  -30.48,    35.004,   80.0056,    47.791
 58834.2, 7162.20, -216.31,  -30.26,    34.977,   80.0057,    47.767
 58837.2, 7182.38, -221.08,  -29.38,    35.024,   80.0062,    47.790
 58838.9, 7206.93, -210.56,  -30.09,    34.994,   80.0062,    47.783
 58840.6, 7225.09, -211.04,  -30.08,    34.993,   80.0065,    47.794
 58842.2, 7192.95, -205.84,  -30.36,    35.011,   80.0065,    47.812
 58843.9, 7073.41, -208.92,  -30.44,    34.999,   80.0065,    47.793
 58845.5, 6854.40, -208.20,  -30.79,    34.987,   80.0061,    47.803
 58847.3, 6592.89, -213.85,  -28.93,    35.008,   80.0061,    47.750
 58848.9, 6371.99, -213.01,  -30.70,    35.007,   80.0061,    47.785
 58850.6, 6180.70, -209.24,  -31.21,    35.004,   80.0057,    47.795
 58852.3, 5986.09, -189.58,  -30.70,    34.994,   80.0056,    47.767
 58854.0, 5728.31, -206.61,  -30.24,    34.991,   80.0056,    47.766
 58855.8, 5388.23, -206.90,  -29.39,    35.010,   80.0041,    47.807
 58857.6, 4996.33, -195.90,  -31.03,    35.021,   80.0040,    47.812
 58859.3, 4640.04, -209.09,  -32.18,    34.966,   80.0041,    47.812
 58861.0, 4401.08, -211.14,  -30.70,    35.008,   80.0046,    47.812
 58862.8, 4278.10, -201.36,  -32.02,    35.028,   80.0046,    47.812
 58864.5, 4246.98, -212.61,  -31.56,    34.989,   80.0044,    47.812
 58866.2, 4310.26, -218.49,  -31.62,    34.985,   80.0041,    47.812
 58869.3, 4586.14, -220.00,  -30.39,    35.010,   80.0041,    47.812
 58871.0, 4794.11, -198.70,  -30.41,    35.009,   80.0030,    47.812
 58872.8, 4988.47, -224.16,  -30.13,    34.998,   80.0030,    47.812
 58874.6, 5133.35, -212.93,  -30.05,    34.984,   80.0031,    47.812
 58876.3, 5196.46, -210.29,  -30.68,    34.989,   80.0033,    47.812
 58878.0, 5204.92, -220.72,  -30.48,    34.986,   80.0033,    47.812
 58879.7, 5209.35, -207.49,  -30.37,    35.008,   80.0039,    47.812
 58881.5, 5224.22, -203.23,  -30.16,    35.004,   80.0051,    47.812
 58883.2, 5220.39, -214.73,  -29.26,    34.999,   80.0051,    47.829
 58885.0, 5166.04, -204.40,  -29.17,    35.002,   80.0052,    47.812
 58886.8, 5041.71, -215.19,  -29.75,    35.008,   80.0052,    47.812
 58888.5, 4881.21, -211.18,  -30.18,    34.988,   80.0052,    47.851
 58890.2, 4712.81, -203.76,  -30.28,    35.030,   80.0052,    47.842
 58892.0, 4565.47, -204.75,  -30.86,    34.999,   80.0053,    47.845
 58893.7, 4458.62, -207.06,  -30.62,    34.981,   80.0053,    47.817
 58895.3, 4377.23, -223.85,  -30.08,    34.997,   80.0055,    47.855
 58897.0, 4317.69, -212.98,  -30.88,    35.008,   80.0055,    47.875
 58898.6, 4257.15, -212.29,  -30.58,    34.998,   80.0055,    47.875
 58901.6, 4188.85, -215.77,  -30.42,    34.993,   80.0057,    47.875
 58903.3, 4198.75, -196.69,  -31.09,    35.005,   80.0057,    47.856
 58905.1, 4243.57, -202.82,  -30.67,    35.010,   80.0053,    47.852
 58906.8, 4296.50, -212.00,  -31.02,    35.013,   80.0051,    47.839
 58908.6, 4351.50, -208.50,  -30.26,    34.974,   80.0051,    47.840
 58910.2, 4369.15, -216.34,  -29.80,    34.992,   80.0060,    47.869
