apply_cal+QC/WISPER_data/raw/WISPER_20160929_rawField.ict
40, 1001
David Noone
Oregon State University
Water Vapor Isotopic Analyzer (Picarro L2120i) - H2O concentration, D/H and 18O/16O isotope ratios (delta notation)
ORACLES
1, 1
2016, 09, 29, 2016, 09, 29
0
Start_UTC, seconds
6
1, 1, 1, 1, 1, 1
-9999, -9999, -9999, -9999, -9999, -9999
H2O_ppmv, ppmv
dD_permil, permil
d18O_permil, permil
pressure_cavity, torr
temp_cavity, degrees_celcius
temp_das, degrees_celcius
0
18
PI_CONTACT_INFO: Address: David Noone, CEOAS, Oregon State University, Corvallis OR 97331; email: nooned@oregonstate.edu
PLATFORM: NASA P3B (N426NA), sampling port side foward window from forward facing diffuser inlet
LOCATION: Aircraft location data decribed elsewhere
ASSOCIATED_DATA: see http://espoarchive.nasa.gov/archive/browse/oracles
INSTRUMENT_INFO: Water Vapor Isotopic Analyzer (Picarro L2120-i): cavity-ringdown tunable diode laser spectoscopy.
DATA_INFO: Units are ppmv for H2O and permil relative to SMOW for d18O and dD.
UNCERTAINTY: The absolute accuracy humidity dependent is in the range 1 % for H2O, 1 permil for dD and 0.5 permil for d18O.
ULOD_FLAG: -7777
ULOD_VALUE: N/A
LLOD_FLAG: -8888
LLOD_VALUE: N/A
DM_CONTACT_INFO: David Noone; Oregon State University; nooned@oregonstate.edu
PROJECT_INFO: ORACLES Mission August-October 2016; Southeast Atlantic/Walvis Bay, Namibia
STIPULATIONS_ON_USE: Until made public, only the ORACLES science team is allowed to use this data, per the ORACLES data protocol.
OTHER_COMMENTS: Data is uncalibrated, uncheck and not useful for science at this level
REVISION: RAW
RAW: Raw translation of Picarro output files to ICARTT format
Start_UTC, H2O_ppmv, dD_permil, d18O_permil, pressure_cavity, temp_cavity, temp_das
 25254.1,24470.30,  184.82,    0.08,    35.022,   78.3896,    39.938
 25256.0,24504.32,  223.71,   -6.09,    35.004,   78.4305,    39.938
[from data line 11363]
 45040.4,  374.10, -309.49,  -63.27,    35.009,   80.0045,    47.750
 45042.0,  370.91, -397.06,  -46.34,    35.004,   80.0045,    47.750
 45043.6,  372.58, -280.28,  -44.76,    35.011,   80.0045,    47.750
 45045.3,  377.23, -427.27,  -55.39,    35.002,   80.0050,    47.750
 45047.0,  381.35, -312.58,  -57.43,    34.974,   80.0050,    47.750
 45048.6,  383.24, -250.15,  -52.92,    35.005,   80.0050,    47.750
 45050.3,  382.25, -407.83,  -49.12,    35.022,   80.0044,    47.750
 45052.0,  386.56, -337.73,  -55.10,    34.975,   80.0041,    47.750
 45053.6,  390.26, -374.04,  -54.38,    35.002,   80.0041,    47.750
 45055.3,  391.42, -337.77,  -52.02,    35.003,   80.0017,    47.750
 45057.0,  390.38, -507.11,  -45.88,    34.991,   80.0014,    47.750
 45060.1,  398.99, -310.31,  -57.36,    35.011,   79.9994,    47.750
 45061.7,  399.77, -383.19,  -54.05,    34.989,   79.9986,    47.750
 45063.4,  397.97, -393.64,  -49.42,    34.986,   79.9986,    47.750
 45065.0,  399.42, -361.95,  -49.36,    34.992,   79.9978,    47.750
 45066.8,  400.23, -433.09,  -51.16,    35.001,   79.9972,    47.750
 45068.5,  404.31, -369.79,  -53.44,    35.000,   79.9972,    47.750
 45070.2,  404.12, -480.30,  -48.93,    35.004,   79.9966,    47.750
 45071.9,  406.44, -262.29,  -49.53,    34.990,   79.9962,    47.750
 45073.6,  409.53, -271.13,  -49.11,    34.982,   79.9962,    47.750
 45075.3,  414.98, -405.23,  -54.44,    35.017,   79.9961,    47.750
 45077.0,  420.24, -303.36,  -57.99,    35.005,   79.9960,    47.750
 45078.7,  420.04, -293.17,  -44.93,    34.997,   79.9960,    47.750
 45080.4,  426.72, -480.37,  -55.19,    35.003,   79.9956,    47.750
 45082.0,  432.49, -276.33,  -55.07,    35.010,   79.9955,    47.750
 45083.7,  428.17, -457.34,  -42.35,    34.999,   79.9955,    47.750
 45085.4,  436.63, -416.69,  -49.91,    34.999,   79.9966,    47.750
 45087.0,  444.28, -312.76,  -59.85,    35.002,   79.9966,    47.750
 45088.7,  440.60, -437.52,  -43.12,    35.015,   79.9966,    47.750
 45091.7,  446.99, -536.04,  -52.89,    34.998,   79.9973,    47.750
 45093.3,  446.09, -486.30,  -45.83,    35.001,   79.9973,    47.750
 45095.1,  447.55, -376.92,  -49.57,    35.012,   79.9985,    47.750
 45096.8,  449.64, -369.71,  -53.86,    34.996,   79.9993,    47.750
 45098.4,  449.60, -304.00,  -56.20,    35.004,   79.9993,    47.750
 45100.2,  448.33, -270.50,  -56.28,    34.993,   80.0005,    47.750
 45101.8,  443.12, -312.68,  -52.55,    34.997,   80.0008,    47.750
 45103.5,  435.52, -470.35,  -43.75,    35.013,   80.0008,    47.750
 45105.3,  440.18, -300.98,  -56.87,    34.996,   80.0010,    47.750
 45106.9,  434.39, -450.30,  -51.21,    35.003,   80.0011,    47.750
 45108.7,  432.13, -388.37,  -46.85,    34.997,   80.0011,    47.750
 45110.4,  433.55, -321.59,  -52.22,    34.984,   80.0014,    47.750
 45112.1,  435.75, -472.46,  -57.35,    35.007,   80.0015,    47.750
 45113.8,  434.82, -408.09,  -52.81,    34.994,   80.0015,    47.750
 45115.5,  436.19, -336.78,  -48.31,    35.002,   80.0012,    47.750
 45117.2,  437.84, -346.34,  -47.17,    34.985,   80.0012,    47.750
 45118.8,  447.00, -240.92,  -61.03,    35.008,   80.0012,    47.750
 45120.5,  447.48, -385.23,  -49.66,    35.018,   80.0014,    47.750
 45123.5,  456.67, -399.58,  -57.79,    34.993,   80.0014,    47.750
 45125.3,  458.63, -331.09,  -55.13,    35.002,   80.0007,    47.750
 45126.9,  457.37, -419.35,  -46.23,    35.007,   80.0005,    47.750
 45128.6,  458.43, -393.70,  -46.53,    35.007,   80.0005,    47.750
 45130.3,  465.89, -362.31,  -56.66,    35.007,   79.9985,    47.750
 45132.0,  464.71, -369.94,  -51.71,    34.991,   79.9975,    47.750
 45133.6,  465.84, -371.62,  -49.59,    34.994,   79.9975,    47.750
 45135.3,  466.91, -346.52,  -50.68,    35.016,   79.9971,    47.750
 45136.9,  467.71, -493.96,  -52.11,    34.999,   79.9970,    47.750
 45138.6,  471.40, -412.08,  -56.39,    34.970,   79.9970,    47.750
 45140.3,  471.75, -313.51,  -51.51,    35.015,   79.9971,    47.750
 45142.0,  470.31, -468.21,  -48.37,    34.978,   79.9971,    47.750
 45143.6,  476.03, -418.16,  -57.51,    34.994,   79.9971,    47.750
 45145.3,  477.23, -395.27,  -54.10,    35.001,   79.9975,    47.750
 45147.0,  478.77, -262.57,  -56.88,    35.005,   79.9976,    47.750
 45148.7,  475.52, -309.92,  -45.53,    35.001,   79.9976,    47.750
 45150.3,  478.84, -371.87,  -50.30,    35.000,   79.9971,    47.750
 45152.0,  482.12, -516.44,  -55.01,    34.995,   79.9970,    47.750
 45155.1,  485.08, -304.27,  -51.45,    35.027,   79.9977,    47.750
 45156.8,  490.20, -357.31,  -56.68,    34.994,   79.9980,    47.750
 45158.4,  490.02, -356.92,  -54.40,    34.988,   79.9980,    47.750
 45160.1,  489.58, -428.31,  -47.28,    35.010,   79.9981,    47.750
 45161.8,  486.10, -460.56,  -42.59,    35.000,   79.9981,    47.750
 45163.5,  493.26, -380.83,  -54.41,    35.012,   79.9981,    47.750
 45165.1,  494.57, -371.52,  -57.08,    35.005,   79.9982,    47.750
 45166.9,  489.01, -387.79,  -42.82,    35.016,   79.9982,    47.750
 45168.5,  492.22, -402.11,  -47.88,    34.992,   79.9982,    47.750
 45170.2,  496.90, -446.65,  -55.44,    35.014,   79.9984,    47.750
 45172.1,  494.20, -372.23,  -50.21,    35.005,   79.9985,    47.750
 45173.9,  491.31, -342.64,  -45.45,    34.988,   79.9986,    47.750
 45175.6,  493.41, -402.03,  -51.32,    34.995,   79.9991,    47.750
 45177.2,  495.10, -382.39,  -52.96,    35.010,   79.9991,    47.750
 45178.8,  492.28, -372.22,  -48.12,    35.019,   79.9991,    47.750
 45180.4,  491.00, -333.42,  -48.12,    34.984,   79.9983,    47.750
 45182.1,  492.43, -370.50,  -52.91,    35.004,   79.9983,    47.750
 45183.7,  488.66, -504.19,  -46.74,    35.005,   79.9983,    47.750
 45186.7,  490.51, -453.26,  -56.65,    34.998,   79.9986,    47.750
 45188.4,  489.11, -310.93,  -53.32,    34.997,   79.9986,    47.750
 45190.1,  486.59, -343.10,  -49.58,    35.002,   79.9981,    47.750
 45191.8,  484.22, -514.72,  -49.37,    35.028,   79.9977,    47.750
 45193.4,  486.97, -212.58,  -57.91,    34.979,   79.9977,    47.750
 45195.2,  483.94, -264.49,  -55.49,    34.989,   79.9971,    47.750
 45197.0,  480.09, -318.75,  -49.38,    35.007,   79.9969,    47.750
 45198.7,  477.15, -441.99,  -47.82,    34.977,   79.9969,    47.750
 45200.3,  479.12, -464.55,  -53.62,    34.998,   79.9957,    47.750
 45201.9,  478.30, -496.23,  -50.37,    35.018,   79.9953,    47.750
 45203.7,  475.94, -423.28,  -45.40,    35.017,   79.9953,    47.750
 45205.4,  475.35, -354.08,  -47.50,    34.980,   79.9933,    47.750
 45207.1,  481.85, -435.66,  -56.52,    34.992,   79.9932,    47.750
 45208.8,  482.36, -437.09,  -54.74,    34.973,   79.9932,    47.750
 45210.5,  480.35, -464.30,  -48.58,    34.981,   79.9927,    47.750
 45212.2,  480.00, -338.88,  -44.43,    34.995,   79.9927,    47.750
 45213.8,  486.66, -353.29,  -55.02,    34.999,   79.9927,    47.750
 45215.4,  487.71, -370.41,  -57.48,    34.997,   79.9926,    47.750
 45218.4,  482.19, -541.88,  -42.22,    35.003,   79.9925,    47.750
 45220.0,  492.21, -374.18,  -58.75,    34.990,   79.9921,    47.750
 45221.7,  489.89, -360.17,  -51.75,    34.993,   79.9920,    47.750
 45223.4,  487.57, -324.26,  -45.55,    34.996,   79.9920,    47.750
 45225.1,  493.07, -331.89,  -51.59,    34.993,   79.9937,    47.750
 45226.7,  497.76, -449.00,  -57.52,    35.000,   79.9950,    47.750
 45228.3,  496.59, -285.96,  -50.86,    34.996,   79.9950,    47.750
 45230.0,  494.61, -437.75,  -43.43,    34.996,   79.9959,    47.750
 45231.7,  502.30, -369.65,  -54.87,    34.992,   79.9964,    47.750
 45233.4,  506.42, -313.70,  -60.44,    35.013,   79.9964,    47.750
 45235.2,  503.75, -391.32,  -48.36,    35.024,   79.9970,    47.773
 45236.9,  503.65, -446.43,  -45.36,    34.973,   79.9974,    47.769
 45238.7,  504.36, -285.76,  -46.99,    35.006,   79.9974,    47.750
 45240.4,  507.94, -429.05,  -53.65,    35.009,   79.9982,    47.788
 45242.0,  510.12, -298.44,  -54.84,    35.010,   79.9985,    47.800
 45243.7,  508.69, -290.64,  -46.39,    35.002,   79.9985,    47.761
 45245.3,  508.35, -485.51,  -51.20,    34.997,   79.9989,    47.750
 45247.0,  512.97, -330.34,  -56.82,    35.008,   79.9990,    47.750
 45250.1,  509.34, -351.43,  -49.89,    35.003,   79.9993,    47.750
 45251.8,  515.40, -481.25,  -55.89,    34.990,   79.9996,    47.750
 45253.5,  513.96, -355.72,  -50.79,    34.995,   79.9996,    47.750
 45255.2,  513.87, -267.60,  -45.61,    34.996,   79.9996,    47.750
 45256.8,  516.93, -446.99,  -49.62,    34.991,   79.9997,    47.770
 45258.6,  523.48, -293.60,  -57.04,    34.993,   79.9997,    47.750
 45260.3,  521.84, -289.27,  -50.14,    35.020,   79.9998,    47.761
 45262.0,  520.06, -405.69,  -47.92,    34.994,   79.9998,    47.761
 45263.8,  522.89, -367.31,  -50.81,    34.998,   79.9998,    47.750
 45265.4,  526.63, -346.32,  -54.83,    34.991,   79.9993,    47.750
 45267.1,  526.64, -301.21,  -53.87,    34.994,   79.9990,    47.750
 45268.8,  523.76, -382.82,  -50.19,    35.020,   79.9990,    47.750
 45270.5,  523.62, -231.92,  -50.73,    35.003,   79.9982,    47.750
 45272.1,  523.87, -410.70,  -53.90,    34.972,   79.9979,    47.750
 45273.7,  528.06, -328.15,  -55.57,    35.021,   79.9979,    47.750
 45275.4,  522.34, -265.51,  -47.41,    34.983,   79.9971,    47.750
 45277.0,  521.44, -370.07,  -45.59,    34.997,   79.9969,    47.750
 45278.7,  524.01, -409.26,  -53.40,    35.009,   79.9969,    47.750
 45281.7,  523.84, -335.80,  -47.92,    34.979,   79.9962,    47.750
 45283.3,  524.55, -382.36,  -51.96,    35.002,   79.9962,    47.750
 45284.8,  528.20, -359.63,  -58.81,    35.023,   79.9965,    47.750
 45286.5,  519.73, -430.54,  -41.82,    34.976,   79.9966,    47.750
 45288.1,  523.28, -323.10,  -48.58,    35.007,   79.9966,    47.750
 45289.8,  524.65, -474.53,  -54.81,    34.996,   79.9970,    47.750
 45291.4,  528.47, -335.66,  -61.01,    35.009,   79.9977,    47.750
 45293.0,  522.97, -292.34,  -48.01,    35.019,   79.9977,    47.750
 45294.7,  518.14, -387.25,  -43.73,    34.994,   79.9978,    47.750
 45296.4,  521.13, -431.01,  -49.32,    34.998,   79.9979,    47.750
 45298.1,  524.88, -373.43,  -58.56,    35.000,   79.9979,    47.750
 45299.8,  522.18, -354.39,  -53.70,    35.004,   79.9995,    47.750
 45301.6,  514.60, -398.17,  -42.59,    34.989,   80.0008,    47.750
 45303.2,  522.61, -342.10,  -59.39,    35.030,   80.0008,    47.750
 45304.9,  516.82, -382.18,  -47.12,    35.005,   80.0015,    47.750
 45306.6,  515.62, -405.36,  -46.56,    34.987,   80.0022,    47.750
 45308.2,  518.48, -392.94,  -53.27,    35.021,   80.0022,    47.750
 45309.9,  512.92, -550.77,  -41.78,    34.993,   80.0022,    47.788
 45312.9,  519.34, -304.81,  -53.24,    34.982,   80.0022,    47.750
 45314.6,  518.81, -334.81,  -50.68,    35.001,   80.0022,    47.750
 45316.3,  521.16, -381.47,  -54.51,    34.997,   80.0023,    47.750
 45318.1,  517.21, -411.13,  -49.57,    35.019,   80.0023,    47.750
 45319.7,  513.99, -402.68,  -45.94,    34.988,   80.0024,    47.750
 45321.4,  516.29, -447.95,  -56.90,    34.999,   80.0028,    47.750
 45323.0,  508.42, -300.38,  -47.44,    35.001,   80.0028,    47.750
 45324.7,  504.02, -461.01,  -50.11,    35.014,   80.0029,    47.750
 45326.4,  503.64, -338.97,  -59.47,    35.000,   80.0029,    47.750
 45328.1,  492.53, -378.96,  -49.41,    35.017,   80.0029,    47.750
 45329.8,  490.15, -318.10,  -58.61,    35.000,   80.0022,    47.750
 45331.4,  482.91, -345.40,  -52.14,    35.006,   80.0014,    47.750
 45333.1,  471.34, -485.48,  -42.57,    34.995,   80.0014,    47.750
 45334.7,  472.63, -443.36,  -54.02,    34.992,   80.0018,    47.750
 45336.4,  470.45, -397.97,  -54.33,    34.993,   80.0028,    47.750
 45338.1,  461.47, -437.16,  -44.67,    34.996,   80.0028,    47.733
 45339.8,  462.02, -386.88,  -57.42,    34.993,   80.0038,    47.750
 45341.4,  458.44, -339.32,  -52.40,    34.987,   80.0047,    47.734
 45344.3,  455.68, -458.55,  -56.30,    34.998,   80.0047,    47.730
 45346.0,  447.44, -279.98,  -43.76,    34.999,   80.0047,    47.750
 45347.7,  450.54, -304.70,  -52.59,    35.006,   80.0047,    47.750
 45349.3,  452.15, -411.66,  -53.79,    34.991,   80.0044,    47.729
 45351.0,  443.64, -407.95,  -38.78,    34.976,   80.0040,    47.750
 45352.6,  452.47, -273.12,  -60.51,    35.013,   80.0040,    47.750
 45354.3,  449.79, -379.06,  -55.05,    34.996,   80.0040,    47.750
 45356.0,  444.08, -354.68,  -43.23,    35.001,   80.0041,    47.750
 45357.7,  447.58, -407.28,  -54.74,    35.008,   80.0041,    47.750
 45359.4,  449.63, -318.21,  -55.99,    35.006,   80.0044,    47.750
 45361.1,  440.16, -367.02,  -42.40,    34.999,   80.0053,    47.750
 45362.8,  445.49, -423.08,  -54.78,    34.987,   80.0053,    47.750
 45364.5,  441.21, -329.29,  -47.47,    35.023,   80.0053,    47.750
 45366.3,  436.91, -383.86,  -43.22,    34.974,   80.0051,    47.750
 45368.0,  440.37, -431.12,  -56.01,    35.013,   80.0051,    47.750
 45369.7,  433.63, -335.67,  -47.65,    35.001,   80.0048,    47.750
 45371.4,  433.87, -306.89,  -53.83,    35.015,   80.0046,    47.750
 45373.2,  431.79, -380.38,  -53.75,    34.994,   80.0046,    47.750
 45376.2,  426.70, -477.79,  -54.12,    35.011,   80.0042,    47.750
 45377.9,  422.44, -297.76,  -50.17,    34.998,   80.0042,    47.750
 45379.6,  417.24, -287.59,  -50.90,    34.972,   80.0036,    47.750
 45381.3,  414.82, -342.90,  -56.90,    35.003,   80.0027,    47.750
 45383.0,  403.43, -442.43,  -44.86,    35.009,   80.0027,    47.730
 45384.7,  398.21, -362.06,  -49.89,    34.997,   80.0024,    47.750
 45386.3,  395.54, -328.25,  -55.53,    34.997,   80.0018,    47.750
 45388.0,  390.54, -228.59,  -53.49,    34.997,   80.0018,    47.750
 45389.7,  381.88, -366.31,  -44.41,    35.005,   80.0019,    47.729
 45391.4,  384.22, -347.46,  -53.57,    34.980,   80.0022,    47.750
 45393.2,  377.86, -280.61,  -46.15,    35.027,   80.0022,    47.750
 45394.8,  380.38, -511.34,  -56.24,    34.990,   80.0025,    47.750
 45396.5,  377.40, -414.32,  -44.30,    34.982,   80.0032,    47.729
 45398.1,  380.35, -466.42,  -56.16,    35.014,   80.0032,    47.750
 45399.7,  378.69, -340.34,  -55.29,    35.001,   80.0036,    47.750
 45401.4,  374.68, -358.56,  -42.39,    34.996,   80.0040,    47.750
 45403.0,  376.41, -521.09,  -57.13,    35.015,   80.0040,    47.750
 45404.7,  373.93, -358.01,  -56.06,    34.987,   80.0046,    47.750
 45407.7,  365.55, -517.88,  -56.00,    35.005,   80.0057,    47.750
 45409.4,  359.59, -417.19,  -52.19,    35.002,   80.0059,    47.750
 45411.1,  347.25, -473.16,  -35.32,    35.002,   80.0064,    47.750
 45412.7,  344.76, -397.23,  -55.25,    34.983,   80.0064,    47.750
 45414.3,  344.19, -352.37,  -65.17,    35.038,   80.0065,    47.750
 45416.1,  329.60, -335.36,  -41.90,    34.989,   80.0068,    47.750
 45417.7,  329.99, -465.29,  -63.16,    35.014,   80.0068,    47.750
 45419.4,  326.35, -182.63,  -57.83,    35.003,   80.0073,    47.750
 45421.1,  311.64, -421.68,  -34.32,    34.985,   80.0093,    47.750
 45422.8,  318.09, -400.55,  -61.01,    35.012,   80.0093,    47.750
 45424.5,  313.78, -357.30,  -49.39,    35.003,   80.0092,    47.750
 45426.2,  308.27, -221.43,  -43.62,    35.021,   80.0086,    47.750
 45427.9,  308.15, -466.69,  -57.51,    34.999,   80.0086,    47.750
 45429.6,  308.65, -196.98,  -49.82,    35.008,   80.0093,    47.750
 45431.3,  303.97, -471.74,  -38.78,    34.997,   80.0103,    47.750
 45432.9,  308.40, -264.27,  -58.22,    34.995,   80.0103,    47.750
 45434.6,  307.88, -357.84,  -54.80,    35.010,   80.0102,    47.750
 45436.2,  302.61, -547.92,  -40.11,    35.015,   80.0100,    47.750
 45439.3,  308.64, -314.98,  -60.50,    34.999,   80.0096,    47.750
 45440.9,  301.58, -549.82,  -38.79,    35.010,   80.0084,    47.750
 45442.6,  300.37, -259.05,  -41.65,    34.995,   80.0084,    47.750
 45444.3,  305.28, -365.51,  -59.54,    35.002,   80.0083,    47.750
