apply_cal+QC/WISPER_data/raw/WISPER_20160929_rawField.ict
40, 1001
David Noone
Oregon State University
Water Vapor Isotopic Analyzer (Picarro L2120i) - H2O concentration, D/H and 18O/16O isotope ratios (delta notation)
ORACLES
1, 1
2016, 09, 29, 2016, 09, 29
0
Start_UTC, seconds
6
1, 1, 1, 1, 1, 1
-9999, -9999, -9999, -9999, -9999, -9999
H2O_ppmv, ppmv
dD_permil, permil
d18O_permil, permil
pressure_cavity, torr
temp_cavity, degrees_celcius
temp_das, degrees_celcius
0
18
PI_CONTACT_INFO: Address: David Noone, CEOAS, Oregon State University, Corvallis OR 97331; email: nooned@oregonstate.edu
PLATFORM: NASA P3B (N426NA), sampling port side foward window from forward facing diffuser inlet
LOCATION: Aircraft location data decribed elsewhere
ASSOCIATED_DATA: see http://espoarchive.nasa.gov/archive/browse/oracles
INSTRUMENT_INFO: Water Vapor Isotopic Analyzer (Picarro L2120-i): cavity-ringdown tunable diode laser spectoscopy.
DATA_INFO: Units are ppmv for H2O and permil relative to SMOW for d18O and dD.
UNCERTAINTY: The absolute accuracy humidity dependent is in the range 1 % for H2O, 1 permil for dD and 0.5 permil for d18O.
ULOD_FLAG: -7777
ULOD_VALUE: N/A
LLOD_FLAG: -8888
LLOD_VALUE: N/A
DM_CONTACT_INFO: David Noone; Oregon State University; nooned@oregonstate.edu
PROJECT_INFO: ORACLES Mission August-October 2016; Southeast Atlantic/Walvis Bay, Namibia
STIPULATIONS_ON_USE: Until made public, only the ORACLES science team is allowed to use this data, per the ORACLES data protocol.
OTHER_COMMENTS: Data is uncalibrated, uncheck and not useful for science at this level
REVISION: RAW
RAW: Raw translation of Picarro output files to ICARTT format
Start_UTC, H2O_ppmv, dD_permil, d18O_permil, pressure_cavity, temp_cavity, temp_das
 25254.1,24470.30,  184.82,    0.08,    35.022,   78.3896,    39.938
 25256.0,24504.32,  223.71,   -6.09,    35.004,   78.4305,    39.938
[from data line 15305]
 51979.4,  536.57, -443.05,  -46.08,    35.004,   79.9999,    48.500
 51981.1,  536.89, -428.38,  -48.78,    35.018,   80.0001,    48.500
 51982.8,  536.80, -371.65,  -49.09,    34.977,   80.0001,    48.500
 51984.5,  534.28, -326.16,  -47.60,    35.010,   79.9995,    48.500
 51986.2,  533.96, -396.88,  -51.77,    34.994,   79.9985,    48.530
 51987.8,  533.05, -351.55,  -48.60,    35.005,   79.9985,    48.513
 51989.5,  531.69, -313.79,  -51.02,    34.992,   79.9988,    48.515
 51991.1,  530.12, -367.36,  -51.63,    34.983,   79.9995,    48.521
 51992.7,  528.14, -286.20,  -50.62,    35.011,   79.9995,    48.500
 51994.4,  526.14, -342.35,  -49.72,    34.993,   79.9995,    48.500
 51996.0,  522.82, -444.19,  -48.48,    35.018,   80.0004,    48.500
 51999.1,  521.29, -383.17,  -48.95,    34.991,   80.0004,    48.500
 52000.8,  522.73, -409.19,  -50.25,    35.013,   80.0001,    48.500
 52002.5,  520.15, -425.86,  -48.74,    34.993,   80.0001,    48.500
 52004.2,  521.86, -330.41,  -48.27,    34.996,   80.0000,    48.500
 52005.9,  520.95, -468.96,  -46.01,    34.993,   79.9992,    48.512
 52007.6,  525.47, -316.99,  -50.17,    35.005,   79.9992,    48.525
 52009.3,  527.58, -289.28,  -50.29,    34.993,   79.9993,    48.500
 52011.0,  527.43, -358.62,  -46.91,    34.968,   80.0001,    48.500
 52012.7,  530.47, -273.38,  -49.84,    35.009,   80.0001,    48.500
 52014.4,  528.50, -433.83,  -47.39,    35.020,   80.0001,    48.500
 52016.1,  530.90, -377.28,  -50.36,    34.980,   80.0001,    48.500
 52017.8,  529.52, -485.54,  -48.46,    34.991,   80.0001,    48.500
 52019.5,  529.14, -321.18,  -48.02,    35.019,   79.9999,    48.500
 52021.2,  531.50, -321.93,  -53.49,    34.979,   79.9998,    48.517
 52022.9,  530.89, -374.54,  -49.30,    35.003,   79.9998,    48.500
 52024.5,  533.89, -268.24,  -51.20,    35.000,   79.9998,    48.500
 52026.1,  535.83, -406.85,  -52.28,    35.001,   79.9997,    48.526
 52027.8,  535.10, -251.75,  -47.62,    34.996,   79.9997,    48.515
 52030.8,  538.28, -386.90,  -48.78,    35.013,   79.9990,    48.538
 52032.6,  538.42, -341.23,  -45.71,    34.998,   79.9990,    48.517
 52034.3,  542.14, -426.31,  -51.18,    34.987,   79.9990,    48.562
 52036.0,  540.85, -246.18,  -52.79,    35.003,   79.9992,    48.531
 52037.6,  537.74, -379.29,  -46.63,    34.997,   79.9992,    48.536
 52039.2,  539.04, -428.42,  -47.92,    35.000,   79.9995,    48.543
 52040.9,  540.72, -394.77,  -50.52,    35.017,   80.0003,    48.543
 52042.5,  540.41, -497.65,  -48.54,    34.988,   80.0003,    48.535
 52044.3,  541.95, -394.62,  -46.93,    35.021,   80.0004,    48.526
 52046.0,  545.33, -306.44,  -49.76,    35.018,   80.0014,    48.562
 52047.7,  543.73, -512.94,  -44.39,    34.981,   80.0014,    48.562
 52049.5,  550.05, -285.18,  -48.35,    35.009,   80.0014,    48.500
 52051.3,  552.60, -430.57,  -46.91,    35.011,   80.0013,    48.536
 52052.9,  557.97, -413.43,  -49.57,    35.003,   80.0013,    48.542
 52054.7,  562.46, -344.21,  -46.53,    34.986,   80.0016,    48.500
 52056.4,  567.51, -382.28,  -47.58,    35.009,   80.0019,    48.500
 52058.1,  573.57, -347.55,  -47.88,    34.986,   80.0019,    48.554
 52059.8,  580.38, -223.18,  -51.32,    35.006,   80.0023,    48.541
 52062.9,  589.19, -320.05,  -52.25,    35.004,   80.0028,    48.562
 52064.6,  591.22, -319.28,  -49.11,    35.016,   80.0028,    48.562
 52066.3,  593.61, -368.46,  -51.18,    35.001,   80.0027,    48.562
 52068.0,  594.81, -314.66,  -51.93,    34.994,   80.0027,    48.562
 52069.7,  592.12, -315.76,  -48.77,    35.011,   80.0027,    48.562
 52071.3,  591.57, -405.19,  -49.66,    35.006,   80.0026,    48.562
 52072.9,  588.19, -340.64,  -50.97,    34.968,   80.0026,    48.542
 52074.6,  584.16, -382.80,  -49.59,    35.005,   80.0026,    48.562
 52076.3,  581.11, -369.83,  -51.08,    35.025,   80.0025,    48.562
 52077.9,  573.79, -415.19,  -46.41,    34.972,   80.0025,    48.562
 52079.6,  572.86, -377.37,  -50.05,    34.976,   80.0027,    48.562
 52081.3,  568.16, -390.77,  -49.38,    35.004,   80.0031,    48.543
 52082.9,  567.76, -294.29,  -51.39,    35.020,   80.0031,    48.521
 52084.6,  561.85, -401.38,  -45.81,    34.992,   80.0031,    48.542
 52086.2,  557.41, -441.06,  -44.98,    34.988,   80.0030,    48.534
 52087.8,  560.26, -267.80,  -50.97,    35.022,   80.0030,    48.500
 52089.4,  553.43, -371.50,  -44.38,    35.018,   80.0030,    48.500
 52091.1,  553.60, -267.80,  -50.04,    34.997,   80.0026,    48.512
 52094.1,  548.22, -344.73,  -46.92,    35.019,   80.0027,    48.500
 52095.7,  547.88, -482.63,  -51.18,    34.998,   80.0029,    48.531
 52097.3,  545.97, -304.79,  -49.90,    34.985,   80.0029,    48.529
 52099.0,  543.93, -343.31,  -45.87,    34.990,   80.0029,    48.516
 52100.6,  544.15, -320.45,  -51.02,    35.004,   80.0038,    48.500
 52102.3,  544.25, -424.50,  -46.27,    35.003,   80.0038,    48.500
 52104.0,  545.29, -345.58,  -47.76,    35.004,   80.0038,    48.500
 52105.7,  549.60, -427.89,  -52.21,    35.009,   80.0038,    48.552
 52107.4,  553.24, -239.60,  -52.02,    34.984,   80.0038,    48.562
 52109.1,  554.60, -368.44,  -50.08,    35.000,   80.0038,    48.562
 52110.7,  557.89, -408.38,  -50.89,    35.005,   80.0036,    48.551
 52112.4,  559.02, -360.99,  -45.43,    34.992,   80.0036,    48.500
 52114.0,  566.04, -310.59,  -52.92,    35.009,   80.0035,    48.520
 52115.7,  568.86, -370.52,  -48.11,    35.004,   80.0031,    48.538
 52117.3,  570.18, -297.83,  -47.31,    34.988,   80.0031,    48.557
 52119.0,  576.33, -272.26,  -54.19,    35.004,   80.0031,    48.562
 52120.7,  575.97, -322.11,  -49.48,    35.005,   80.0033,    48.562
 52122.4,  576.12, -437.63,  -47.17,    34.984,   80.0033,    48.545
 52125.4,  578.36, -320.24,  -46.31,    34.990,   80.0029,    48.562
 52127.1,  585.58, -375.17,  -54.35,    35.018,   80.0029,    48.562
 52128.8,  584.35, -407.56,  -44.82,    35.012,   80.0029,    48.562
 52130.6,  587.23, -416.22,  -49.06,    34.972,   80.0017,    48.562
 52132.3,  591.28, -390.76,  -48.11,    35.011,   80.0015,    48.562
 52134.0,  595.96, -376.88,  -48.85,    35.001,   80.0017,    48.562
 52135.6,  601.85, -387.78,  -52.63,    34.995,   80.0032,    48.562
 52137.3,  605.99, -317.75,  -48.35,    34.993,   80.0032,    48.562
 52139.0,  610.12, -380.02,  -51.33,    35.006,   80.0032,    48.562
 52140.6,  615.23, -390.09,  -51.53,    34.990,   80.0031,    48.562
 52142.3,  614.35, -391.23,  -46.93,    34.984,   80.0031,    48.562
 52143.9,  621.05, -323.55,  -51.94,    35.022,   80.0031,    48.538
 52145.6,  621.00, -321.71,  -49.80,    35.003,   80.0028,    48.500
 52147.2,  624.45, -368.29,  -50.64,    35.000,   80.0028,    48.516
 52149.0,  624.59, -286.39,  -46.74,    34.987,   80.0028,    48.539
 52150.6,  627.52, -288.71,  -48.76,    35.001,   80.0026,    48.562
 52152.3,  630.03, -279.84,  -49.45,    35.011,   80.0026,    48.558
 52153.9,  627.80, -389.18,  -45.58,    34.967,   80.0026,    48.515
 52156.9,  633.83, -331.32,  -50.21,    34.997,   80.0035,    48.542
 52158.6,  634.59, -357.75,  -49.43,    35.029,   80.0035,    48.562
 52160.3,  634.75, -322.76,  -49.55,    34.999,   80.0031,    48.562
 52162.0,  634.36, -405.38,  -47.34,    35.012,   80.0028,    48.562
 52163.7,  635.56, -385.32,  -49.82,    35.033,   80.0028,    48.562
 52165.4,  636.37, -354.76,  -50.48,    35.006,   80.0039,    48.562
 52167.1,  636.94, -435.01,  -49.55,    34.974,   80.0043,    48.562
 52168.8,  640.37, -319.45,  -48.27,    35.001,   80.0043,    48.542
 52170.5,  636.77, -508.96,  -45.16,    35.010,   80.0050,    48.562
 52172.3,  643.59, -408.01,  -49.03,    35.013,   80.0052,    48.562
 52174.0,  643.95, -392.65,  -46.21,    35.015,   80.0051,    48.562
 52175.7,  645.42, -433.63,  -46.89,    34.991,   80.0045,    48.562
 52177.3,  648.23, -338.87,  -49.05,    35.000,   80.0045,    48.562
 52179.0,  647.18, -453.69,  -46.62,    35.008,   80.0045,    48.562
 52180.7,  652.04, -375.69,  -51.87,    34.999,   80.0043,    48.562
 52182.4,  650.56, -343.28,  -48.37,    34.990,   80.0042,    48.562
 52184.1,  652.19, -441.37,  -49.23,    35.011,   80.0042,    48.562
 52185.9,  652.39, -343.04,  -46.82,    35.000,   80.0034,    48.562
 52189.0,  655.45, -393.55,  -49.49,    35.008,   80.0033,    48.562
 52190.6,  655.52, -399.78,  -49.85,    35.000,   80.0017,    48.562
 52192.3,  655.69, -406.34,  -50.75,    34.986,   80.0017,    48.562
 52194.0,  653.56, -409.10,  -48.93,    34.978,   80.0017,    48.562
 52195.7,  654.96, -352.63,  -50.60,    35.015,   80.0024,    48.546
 52197.4,  651.47, -279.87,  -47.64,    35.003,   80.0025,    48.557
 52199.1,  652.41, -392.07,  -48.73,    34.975,   80.0025,    48.562
 52200.8,  652.91, -316.32,  -48.18,    35.018,   80.0030,    48.546
 52202.6,  651.63, -412.61,  -45.00,    34.982,   80.0030,    48.562
 52204.3,  653.55, -461.78,  -46.23,    35.014,   80.0031,    48.542
 52206.0,  654.09, -415.94,  -44.86,    35.018,   80.0034,    48.548
 52207.7,  658.59, -343.70,  -50.33,    35.000,   80.0034,    48.556
 52209.4,  659.75, -324.02,  -51.41,    35.020,   80.0038,    48.562
 52211.1,  656.62, -391.23,  -46.67,    35.004,   80.0045,    48.547
 52212.9,  658.80, -368.31,  -48.83,    35.006,   80.0045,    48.544
 52214.6,  662.55, -370.06,  -53.37,    34.972,   80.0052,    48.562
 52216.2,  654.19, -406.95,  -45.11,    35.009,   80.0061,    48.562
 52218.0,  654.72, -357.53,  -49.73,    34.997,   80.0061,    48.562
 52221.1,  646.07, -352.14,  -47.19,    34.994,   80.0069,    48.562
 52222.9,  643.66, -371.37,  -46.91,    35.019,   80.0069,    48.562
 52224.6,  639.04, -278.73,  -46.69,    34.999,   80.0071,    48.531
 52226.4,  636.61, -393.50,  -47.68,    34.981,   80.0074,    48.541
 52228.1,  632.36, -390.60,  -47.26,    34.987,   80.0074,    48.562
 52229.8,  631.60, -383.01,  -49.17,    35.013,   80.0080,    48.562
 52231.5,  631.48, -371.43,  -48.61,    34.997,   80.0086,    48.562
 52233.2,  629.71, -323.10,  -46.40,    35.008,   80.0086,    48.562
 52234.9,  633.04, -341.36,  -49.79,    34.982,   80.0082,    48.562
 52236.5,  630.72, -377.45,  -44.94,    34.998,   80.0075,    48.562
 52238.2,  637.63, -380.23,  -51.35,    35.019,   80.0075,    48.562
 52239.9,  636.54, -354.04,  -46.94,    35.018,   80.0082,    48.562
 52241.6,  636.67, -376.63,  -47.42,    34.996,   80.0088,    48.543
 52243.2,  640.48, -319.37,  -50.75,    34.995,   80.0088,    48.562
 52244.9,  641.25, -347.36,  -46.01,    35.005,   80.0087,    48.541
 52246.6,  645.57, -270.38,  -50.12,    34.995,   80.0086,    48.542
 52248.3,  647.85, -388.07,  -47.49,    34.994,   80.0086,    48.562
 52250.0,  652.88, -243.75,  -50.23,    35.002,   80.0080,    48.542
 52253.1,  653.76, -385.56,  -48.52,    34.987,   80.0074,    48.562
 52254.7,  656.19, -337.08,  -46.76,    35.028,   80.0071,    48.562
 52256.4,  659.56, -346.60,  -50.20,    34.990,   80.0068,    48.562
 52258.1,  661.51, -394.39,  -48.23,    34.992,   80.0068,    48.562
 52259.9,  662.05, -425.36,  -48.41,    35.016,   80.0066,    48.562
 52261.5,  665.30, -334.98,  -50.82,    34.985,   80.0064,    48.562
 52263.2,  663.15, -377.22,  -50.01,    34.990,   80.0064,    48.562
 52264.9,  656.54, -428.87,  -47.25,    35.012,   80.0061,    48.562
 52266.6,  648.95, -504.62,  -45.23,    35.006,   80.0060,    48.562
 52268.3,  644.45, -419.95,  -47.64,    34.989,   80.0060,    48.562
 52269.9,  640.37, -364.04,  -48.96,    35.005,   80.0056,    48.562
 52271.7,  631.56, -412.40,  -46.36,    35.007,   80.0052,    48.562
 52273.4,  626.38, -292.85,  -45.69,    35.000,   80.0052,    48.553
 52275.1,  625.55, -304.18,  -51.76,    34.998,   80.0049,    48.539
 52276.8,  619.89, -443.45,  -47.05,    34.994,   80.0047,    48.538
 52278.4,  617.89, -402.98,  -48.31,    35.015,   80.0047,    48.518
 52280.1,  615.68, -409.56,  -50.66,    34.989,   80.0041,    48.500
 52281.8,  613.23, -383.45,  -50.26,    34.983,   80.0036,    48.523
 52285.0,  607.52, -258.27,  -51.36,    35.007,   80.0032,    48.546
 52286.7,  603.32, -360.49,  -48.26,    34.985,   80.0029,    48.500
 52288.4,  603.72, -501.95,  -47.14,    34.991,   80.0029,    48.500
 52290.1,  604.85, -348.35,  -47.67,    35.009,   80.0029,    48.538
 52291.8,  608.97, -416.09,  -48.79,    35.008,   80.0029,    48.541
 52293.5,  613.47, -352.44,  -49.21,    34.967,   80.0029,    48.562
 52295.2,  614.22, -455.83,  -46.50,    35.013,   80.0037,    48.545
 52296.9,  618.88, -405.21,  -47.10,    35.007,   80.0039,    48.562
 52298.6,  619.07, -331.92,  -46.62,    34.998,   80.0039,    48.562
 52300.3,  625.01, -323.98,  -54.18,    35.022,   80.0058,    48.562
 52302.0,  618.62, -292.20,  -46.18,    35.009,   80.0064,    48.549
 52303.7,  617.32, -451.09,  -49.00,    35.005,   80.0063,    48.562
 52305.5,  617.20, -362.25,  -49.72,    34.971,   80.0053,    48.562
 52307.2,  610.05, -339.29,  -44.86,    35.024,   80.0053,    48.562
 52308.9,  607.74, -388.87,  -50.83,    34.982,   80.0053,    48.562
 52310.5,  599.90, -324.22,  -44.41,    34.999,   80.0056,    48.562
 52312.2,  601.10, -371.43,  -52.39,    35.016,   80.0057,    48.562
 52313.9,  592.04, -340.39,  -44.79,    34.989,   80.0057,    48.562
 52317.1,  587.68, -271.36,  -51.12,    34.968,   80.0055,    48.562
 52318.9,  579.26, -412.47,  -44.44,    35.023,   80.0055,    48.562
 52320.6,  578.27, -370.83,  -50.61,    35.013,   80.0048,    48.526
 52322.2,  571.10, -256.46,  -46.98,    34.984,   80.0047,    48.562
 52323.8,  565.87, -418.57,  -47.68,    34.988,   80.0046,    48.562
 52325.5,  562.48, -367.24,  -45.88,    34.993,   80.0033,    48.562
 52327.1,  563.88, -347.67,  -54.69,    34.992,   80.0033,    48.562
 52328.8,  561.85, -358.82,  -46.79,    34.995,   80.0033,    48.562
 52330.5,  563.54, -365.22,  -46.06,    35.017,   80.0035,    48.562
 52332.2,  570.49, -317.03,  -50.81,    34.981,   80.0035,    48.562
 52333.9,  573.78, -359.43,  -46.73,    35.010,   80.0035,    48.562
 52335.6,  582.38, -297.53,  -52.58,    34.982,   80.0024,    48.562
 52337.2,  584.98, -325.66,  -45.98,    35.013,   80.0022,    48.545
 52338.8,  590.16, -341.78,  -51.61,    35.005,   80.0022,    48.562
 52340.4,  588.46, -396.85,  -46.88,    34.979,   80.0011,    48.562
 52342.1,  587.24, -349.13,  -45.41,    35.000,   80.0008,    48.562
 52343.7,  587.34, -403.30,  -50.57,    34.994,   80.0008,    48.562
 52345.4,  581.78, -293.91,  -45.30,    35.002,   80.0017,    48.562
 52348.4,  574.81, -319.19,  -49.59,    34.978,   80.0017,    48.562
 52350.1,  569.06, -408.20,  -50.68,    35.007,   80.0032,    48.562
 52351.8,  568.18, -338.06,  -56.17,    35.001,   80.0041,    48.562
 52353.5,  557.66, -294.35,  -43.63,    35.017,   80.0041,    48.562
 52355.1,  558.33, -358.30,  -51.38,    34.991,   80.0047,    48.562
 52356.8,  557.39, -315.12,  -50.56,    35.000,   80.0051,    48.562
 52358.5,  551.23, -485.66,  -41.46,    35.019,   80.0051,    48.562
 52360.2,  557.32, -348.74,  -53.03,    35.014,   80.0050,    48.562
 52361.9,  558.07, -342.55,  -48.24,    34.997,   80.0050,    48.562
 52363.5,  558.22, -423.25,  -45.03,    35.026,   80.0050,    48.562
 52365.1,  566.34, -397.98,  -54.62,    35.004,   80.0064,    48.562
 52366.9,  564.09, -352.35,  -44.84,    35.003,   80.0072,    48.562
 52368.6,  568.70, -321.03,  -51.20,    34.989,   80.0072,    48.562
 52370.4,  572.22, -336.61,  -51.00,    34.992,   80.0068,    48.562
 52372.1,  572.18, -352.61,  -48.20,    35.006,   80.0066,    48.562
 52373.7,  578.46, -371.13,  -52.86,    34.994,   80.0066,    48.562
 52375.4,  576.55, -332.01,  -45.14,    35.010,   80.0071,    48.562
 52377.1,  583.26, -411.97,  -50.85,    34.999,   80.0072,    48.562
 52380.2,  586.31, -352.56,  -44.15,    35.004,   80.0066,    48.562
 52381.9,  594.02, -329.04,  -50.62,    34.990,   80.0062,    48.516
 52383.6,  594.63, -289.94,  -47.46,    35.017,   80.0062,    48.546
 52385.2,  597.69, -305.93,  -52.80,    35.012,   80.0055,    48.562
