apply_cal+QC/WISPER_data/raw/WISPER_20160929_rawField.ict
40, 1001
David Noone
Oregon State University
Water Vapor Isotopic Analyzer (Picarro L2120i) - H2O concentration, D/H and 18O/16O isotope ratios (delta notation)
ORACLES
1, 1
2016, 09, 29, 2016, 09, 29
0
Start_UTC, seconds
6
1, 1, 1, 1, 1, 1
-9999, -9999, -9999, -9999, -9999, -9999
H2O_ppmv, ppmv
dD_permil, permil
d18O_permil, permil
pressure_cavity, torr
temp_cavity, degrees_celcius
temp_das, degrees_celcius
0
18
PI_CONTACT_INFO: Address: David Noone, CEOAS, Oregon State University, Corvallis OR 97331; email: nooned@oregonstate.edu
PLATFORM: NASA P3B (N426NA), sampling port side foward window from forward facing diffuser inlet
LOCATION: Aircraft location data decribed elsewhere
ASSOCIATED_DATA: see http://espoarchive.nasa.gov/archive/browse/oracles
INSTRUMENT_INFO: Water Vapor Isotopic Analyzer (Picarro L2120-i): cavity-ringdown tunable diode laser spectoscopy.
DATA_INFO: Units are ppmv for H2O and permil relative to SMOW for d18O and dD.
UNCERTAINTY: The absolute accuracy humidity dependent is in the range 1 % for H2O, 1 permil for dD and 0.5 permil for d18O.
ULOD_FLAG: -7777
ULOD_VALUE: N/A
LLOD_FLAG: -8888
LLOD_VALUE: N/A
DM_CONTACT_INFO: David Noone; Oregon State University; nooned@oregonstate.edu
PROJECT_INFO: ORACLES Mission August-October 2016; Southeast Atlantic/Walvis Bay, Namibia
STIPULATIONS_ON_USE: Until made public, only the ORACLES science team is allowed to use this data, per the ORACLES data protocol.
OTHER_COMMENTS: Data is uncalibrated, uncheck and not useful for science at this level
REVISION: RAW
RAW: Raw translation of Picarro output files to ICARTT format
Start_UTC, H2O_ppmv, dD_permil, d18O_permil, pressure_cavity, temp_cavity, temp_das
 25254.1,24470.30,  184.82,    0.08,    35.022,   78.3896,    39.938
 25256.0,24504.32,  223.71,   -6.09,    35.004,   78.4305,    39.938
[from data line 10667]
 43824.7,  333.31, -280.18,  -43.09,    34.991,   80.0003,    47.438
 43826.3,  337.45, -534.83,  -52.57,    35.005,   80.0007,    47.438
 43828.0,  337.58, -317.10,  -54.74,    35.018,   80.0007,    47.438
 43829.6,  336.04, -278.54,  -48.76,    35.003,   80.0009,    47.438
 43831.3,  337.43, -391.94,  -52.05,    34.995,   80.0012,    47.438
 43834.4,  336.01, -302.30,  -43.31,    34.998,   80.0015,    47.460
 43836.1,  338.02, -445.41,  -48.52,    34.989,   80.0020,    47.438
 43837.8,  341.59, -316.51,  -60.42,    35.000,   80.0020,    47.469
 43839.4,  339.45, -334.13,  -51.75,    35.003,   80.0022,    47.449
 43841.1,  336.25, -358.65,  -45.61,    34.993,   80.0028,    47.475
 43842.8,  342.96, -414.54,  -61.00,    34.983,   80.0028,    47.458
 43844.4,  339.28, -440.95,  -46.51,    35.024,   80.0027,    47.477
 43846.1,  336.92, -291.71,  -41.51,    35.008,   80.0026,    47.438
 43847.7,  340.58, -484.44,  -56.63,    34.996,   80.0026,    47.438
 43849.3,  342.13, -472.90,  -57.16,    34.981,   80.0025,    47.438
 43851.0,  339.80, -261.50,  -45.42,    35.020,   80.0022,    47.438
 43852.6,  339.01, -333.42,  -47.14,    34.992,   80.0022,    47.438
 43854.2,  344.50, -195.07,  -62.31,    35.006,   80.0021,    47.438
 43855.9,  342.33, -310.31,  -54.91,    35.014,   80.0017,    47.438
 43857.6,  336.47, -370.59,  -42.58,    34.991,   80.0017,    47.438
 43859.2,  340.20, -421.71,  -58.08,    34.997,   80.0013,    47.438
 43860.9,  337.35, -379.34,  -45.79,    35.006,   79.9998,    47.458
 43862.6,  333.99, -374.33,  -43.07,    34.991,   79.9998,    47.438
 43865.8,  340.36, -374.56,  -55.34,    34.968,   79.9993,    47.441
 43867.5,  336.67, -387.93,  -44.79,    34.993,   79.9993,    47.491
 43869.1,  337.82, -283.66,  -57.90,    35.012,   79.9992,    47.487
 43870.7,  340.03, -336.49,  -57.04,    35.004,   79.9986,    47.472
 43872.3,  335.22, -336.69,  -43.43,    35.001,   79.9986,    47.458
 43874.0,  334.99, -363.57,  -44.52,    34.977,   79.9986,    47.452
 43875.7,  339.60, -516.22,  -55.22,    35.032,   79.9980,    47.497
 43877.4,  341.22, -267.31,  -55.64,    35.022,   79.9979,    47.483
 43879.0,  334.19, -387.35,  -40.93,    35.014,   79.9979,    47.484
 43880.6,  338.08, -522.56,  -54.77,    34.983,   79.9994,    47.438
 43882.2,  338.52, -418.30,  -56.92,    35.016,   79.9995,    47.438
 43883.9,  333.41, -309.32,  -37.67,    34.992,   79.9996,    47.438
 43885.6,  338.93, -231.02,  -58.19,    34.988,   80.0014,    47.444
 43887.2,  339.51, -399.52,  -59.52,    35.025,   80.0014,    47.481
 43888.8,  333.76, -269.04,  -38.60,    35.001,   80.0014,    47.500
 43890.6,  333.12, -427.53,  -45.14,    34.989,   80.0011,    47.500
 43892.2,  338.71, -297.18,  -58.16,    34.994,   80.0011,    47.500
 43893.9,  335.99, -402.81,  -50.73,    35.014,   80.0010,    47.500
 43896.9,  338.49, -256.17,  -58.42,    35.007,   79.9996,    47.500
 43898.5,  335.91, -541.54,  -45.95,    34.992,   79.9996,    47.500
 43900.2,  332.63, -487.77,  -42.10,    34.998,   79.9998,    47.500
 43901.9,  338.22, -350.52,  -59.81,    35.003,   79.9999,    47.500
 43903.6,  340.01, -268.67,  -56.40,    34.984,   79.9999,    47.500
 43905.3,  332.66, -520.84,  -37.00,    35.022,   80.0003,    47.500
 43907.0,  340.07, -283.53,  -59.40,    35.006,   80.0004,    47.500
 43908.7,  338.14, -250.62,  -50.24,    35.015,   80.0004,    47.500
 43910.3,  334.67, -424.14,  -46.37,    34.978,   80.0008,    47.500
 43912.0,  338.96, -477.65,  -55.89,    34.976,   80.0008,    47.500
 43913.6,  341.07, -322.59,  -58.45,    35.012,   80.0008,    47.500
 43915.4,  337.10, -344.50,  -45.62,    35.006,   80.0008,    47.500
 43917.1,  338.82, -319.84,  -51.18,    34.980,   80.0008,    47.500
 43918.7,  340.69, -419.94,  -55.64,    34.994,   80.0008,    47.500
 43920.3,  338.64, -360.62,  -44.29,    35.013,   80.0006,    47.500
 43922.1,  338.83, -246.23,  -48.64,    35.011,   80.0005,    47.500
 43923.8,  341.48, -340.73,  -57.89,    34.991,   80.0005,    47.500
 43925.4,  340.90, -367.14,  -48.69,    35.009,   80.0002,    47.500
 43928.5,  341.96, -457.06,  -57.82,    35.018,   80.0001,    47.500
 43930.2,  339.95, -332.15,  -48.29,    34.989,   80.0005,    47.500
 43931.9,  339.03, -469.96,  -44.98,    35.009,   80.0007,    47.500
 43933.5,  344.28, -131.19,  -59.08,    35.002,   80.0007,    47.500
 43935.2,  338.25, -508.52,  -39.59,    35.020,   80.0021,    47.500
 43936.8,  341.22, -422.94,  -50.08,    34.983,   80.0031,    47.500
 43938.4,  346.97, -237.11,  -63.66,    34.993,   80.0031,    47.500
 43940.0,  341.32, -451.49,  -44.40,    35.017,   80.0022,    47.500
 43941.8,  340.63, -455.12,  -43.83,    34.982,   80.0015,    47.500
 43943.6,  345.96, -368.84,  -59.45,    35.019,   80.0015,    47.500
 43945.3,  341.28, -340.41,  -45.21,    34.987,   80.0021,    47.500
 43947.0,  340.15, -344.08,  -42.89,    35.015,   80.0023,    47.500
 43948.6,  344.90, -566.94,  -56.91,    35.013,   80.0023,    47.500
 43950.2,  343.48, -196.65,  -51.38,    34.980,   80.0028,    47.500
 43951.9,  339.89, -327.65,  -38.47,    34.995,   80.0032,    47.500
 43953.6,  346.84, -338.68,  -57.18,    35.012,   80.0032,    47.500
 43955.2,  346.38, -343.22,  -58.63,    35.002,   80.0035,    47.517
 43956.9,  340.04, -464.46,  -41.86,    34.990,   80.0036,    47.500
 43959.9,  345.58, -226.39,  -60.01,    35.008,   80.0048,    47.500
 43961.6,  333.71, -359.26,  -39.52,    35.001,   80.0057,    47.500
 43963.3,  337.06, -333.84,  -58.93,    34.981,   80.0057,    47.500
 43964.9,  336.77, -319.01,  -55.90,    34.984,   80.0048,    47.500
 43966.6,  329.83, -428.16,  -40.32,    35.027,   80.0043,    47.500
 43968.2,  330.73, -306.26,  -51.86,    35.001,   80.0043,    47.500
 43969.8,  333.64, -379.47,  -60.10,    35.005,   80.0040,    47.500
 43971.5,  329.61, -429.65,  -50.08,    35.003,   80.0037,    47.500
 43973.2,  327.89, -188.56,  -48.19,    35.000,   80.0037,    47.500
 43974.8,  330.22, -325.49,  -59.70,    34.994,   80.0040,    47.511
 43976.4,  329.52, -401.08,  -56.31,    34.997,   80.0041,    47.511
 43978.0,  323.59, -312.99,  -38.17,    34.990,   80.0041,    47.500
 43979.6,  327.16, -402.66,  -53.62,    35.010,   80.0037,    47.500
 43981.4,  325.36, -160.12,  -44.86,    35.002,   80.0028,    47.524
 43983.2,  321.40, -341.15,  -42.14,    34.985,   80.0028,    47.562
 43984.8,  325.01, -206.61,  -48.76,    34.984,   80.0022,    47.549
 43986.5,  328.30, -476.18,  -56.44,    34.994,   80.0016,    47.500
 43988.2,  327.18, -354.34,  -44.62,    35.014,   80.0016,    47.500
 43991.2,  331.73, -309.50,  -58.30,    34.985,   80.0021,    47.500
 43992.9,  325.29, -525.01,  -38.11,    34.994,   80.0021,    47.500
 43994.6,  330.79, -293.75,  -51.66,    35.022,   80.0021,    47.500
 43996.3,  335.84, -255.07,  -64.73,    34.985,   80.0020,    47.500
 43997.9,  332.04, -386.87,  -40.04,    35.012,   80.0020,    47.500
 43999.6,  328.04, -301.80,  -40.32,    34.995,   80.0013,    47.500
 44001.2,  336.08, -368.84,  -57.03,    35.016,   80.0006,    47.500
 44002.9,  337.71, -375.31,  -59.93,    35.001,   80.0006,    47.500
 44004.6,  335.78, -337.72,  -50.66,    34.991,   80.0010,    47.500
 44006.3,  332.48, -131.11,  -47.77,    34.995,   80.0016,    47.500
 44008.0,  333.84, -405.76,  -56.66,    35.012,   80.0016,    47.500
 44009.7,  335.23, -518.63,  -56.40,    34.992,   80.0016,    47.500
 44011.4,  330.44, -335.04,  -47.14,    34.999,   80.0015,    47.500
 44013.1,  331.33, -184.86,  -55.92,    35.014,   80.0015,    47.500
 44014.7,  332.60, -423.89,  -56.87,    35.011,   80.0017,    47.500
 44016.4,  332.53, -219.44,  -49.36,    35.017,   80.0019,    47.500
 44018.1,  330.88, -304.45,  -48.09,    34.991,   80.0019,    47.500
 44019.7,  334.43, -475.05,  -57.50,    34.992,   80.0021,    47.500
 44022.7,  337.09, -342.07,  -51.86,    35.019,   80.0025,    47.500
 44024.5,  338.86, -467.52,  -52.15,    34.997,   80.0023,    47.500
 44026.1,  339.42, -296.50,  -48.80,    34.983,   80.0019,    47.500
 44027.8,  339.84, -485.19,  -49.01,    35.016,   80.0019,    47.500
 44029.5,  343.98, -491.05,  -56.17,    35.003,   80.0016,    47.500
 44031.1,  344.23, -491.84,  -51.42,    34.988,   80.0010,    47.500
 44032.8,  342.85, -276.06,  -44.38,    34.989,   80.0010,    47.529
 44034.6,  347.59, -328.95,  -55.49,    34.998,   80.0001,    47.500
 44036.3,  348.22, -447.10,  -52.01,    35.009,   79.9986,    47.500
 44038.0,  348.75, -302.08,  -46.01,    34.989,   79.9986,    47.500
 44039.6,  350.30, -413.09,  -51.56,    34.988,   79.9985,    47.500
 44041.2,  351.71, -514.05,  -53.90,    35.008,   79.9983,    47.500
 44042.9,  350.70, -419.82,  -50.39,    35.002,   79.9983,    47.500
 44044.6,  350.27, -379.48,  -47.41,    35.013,   79.9981,    47.500
 44046.3,  353.62, -459.33,  -53.37,    34.995,   79.9977,    47.500
 44048.0,  352.41, -467.81,  -50.22,    34.996,   79.9977,    47.500
 44049.6,  351.39, -291.66,  -43.14,    35.008,   79.9975,    47.500
 44051.3,  357.22, -372.63,  -59.94,    35.008,   79.9972,    47.500
 44054.3,  357.07, -204.62,  -54.60,    35.005,   79.9973,    47.500
 44056.0,  357.56, -374.95,  -57.70,    34.999,   79.9974,    47.500
 44057.6,  357.23, -380.33,  -52.73,    34.991,   79.9974,    47.500
 44059.3,  354.03, -423.39,  -41.86,    34.997,   79.9971,    47.500
 44061.1,  359.34, -249.28,  -55.99,    34.999,   79.9962,    47.538
 44062.7,  360.08, -499.00,  -54.34,    34.986,   79.9962,    47.503
 44064.3,  359.79, -268.57,  -52.19,    35.023,   79.9963,    47.518
 44066.0,  356.64, -497.24,  -45.22,    34.980,   79.9970,    47.519
 44067.6,  362.90, -483.39,  -61.20,    35.004,   79.9970,    47.521
 44069.2,  356.57, -396.09,  -43.66,    35.002,   79.9974,    47.533
 44070.8,  358.63, -428.32,  -48.41,    35.012,   79.9985,    47.529
 44072.5,  363.52, -287.80,  -60.96,    34.974,   79.9985,    47.514
 44074.2,  360.95, -353.08,  -49.05,    34.978,   79.9985,    47.507
 44075.7,  362.91, -147.81,  -51.82,    35.008,   80.0001,    47.538
 44077.3,  364.05, -471.70,  -56.28,    35.000,   80.0001,    47.503
 44079.0,  360.88, -335.30,  -46.47,    35.004,   80.0002,    47.539
 44080.6,  362.01, -482.62,  -51.39,    35.025,   80.0006,    47.538
 44082.3,  367.11, -304.34,  -60.40,    34.987,   80.0006,    47.532
 44085.3,  362.40, -338.15,  -48.79,    35.019,   80.0001,    47.542
 44087.0,  366.61, -374.80,  -60.59,    34.994,   80.0001,    47.543
 44088.6,  361.77, -371.56,  -43.93,    34.994,   80.0001,    47.545
 44090.3,  363.98, -270.56,  -50.16,    34.997,   79.9989,    47.525
 44091.9,  368.30, -439.30,  -58.31,    35.003,   79.9982,    47.562
 44093.5,  366.03, -216.22,  -50.62,    35.017,   79.9982,    47.542
 44095.2,  362.43, -427.46,  -47.69,    35.029,   79.9983,    47.531
 44096.8,  367.11, -398.91,  -61.61,    34.988,   79.9984,    47.519
 44098.4,  362.63, -248.29,  -44.03,    34.986,   79.9984,    47.534
 44100.2,  360.20, -431.56,  -43.94,    35.010,   79.9964,    47.504
 44101.9,  366.81, -407.93,  -56.19,    35.004,   79.9953,    47.500
 44103.5,  366.45, -265.22,  -52.94,    34.999,   79.9953,    47.500
 44105.3,  362.51, -202.01,  -44.98,    34.989,   79.9936,    47.516
 44107.1,  365.43, -356.64,  -55.27,    35.019,   79.9933,    47.533
 44108.8,  365.91, -286.81,  -55.71,    35.006,   79.9933,    47.521
 44110.6,  360.99, -394.21,  -47.10,    35.015,   79.9932,    47.500
 44112.2,  364.27, -319.25,  -56.78,    35.002,   79.9932,    47.500
 44113.8,  362.37, -421.85,  -54.37,    34.983,   79.9932,    47.500
 44116.9,  362.53, -364.84,  -54.05,    34.997,   79.9923,    47.500
 44118.7,  359.32, -315.25,  -47.71,    35.008,   79.9923,    47.500
 44120.4,  357.51, -561.60,  -41.60,    35.007,   79.9916,    47.548
 44122.0,  362.41, -412.02,  -56.24,    34.996,   79.9914,    47.512
 44123.7,  359.57, -438.64,  -46.36,    35.008,   79.9915,    47.500
 44125.5,  362.12, -416.29,  -45.92,    35.003,   79.9920,    47.500
 44127.1,  364.20, -236.98,  -55.24,    35.001,   79.9920,    47.500
 44128.8,  362.77, -345.31,  -49.46,    35.000,   79.9920,    47.500
 44130.5,  364.38, -357.62,  -51.51,    35.010,   79.9930,    47.513
 44132.1,  368.13, -338.65,  -59.32,    35.003,   79.9932,    47.508
 44133.7,  366.07, -404.76,  -53.49,    34.993,   79.9932,    47.500
 44135.4,  363.70, -377.17,  -44.98,    35.004,   79.9943,    47.500
 44137.1,  367.87, -457.55,  -56.73,    35.012,   79.9948,    47.500
 44138.7,  366.38, -308.63,  -49.11,    34.997,   79.9948,    47.513
 44140.5,  363.95, -359.62,  -41.92,    34.997,   79.9959,    47.525
 44142.2,  370.34, -289.79,  -59.14,    34.994,   79.9961,    47.523
 44143.9,  364.12, -506.76,  -44.26,    34.991,   79.9962,    47.500
 44145.6,  366.64, -363.20,  -49.98,    34.975,   79.9983,    47.527
 44148.6,  365.11, -433.42,  -42.71,    35.001,   79.9983,    47.541
 44150.2,  370.67, -433.22,  -58.00,    34.993,   79.9985,    47.552
 44151.9,  364.83, -301.22,  -41.20,    34.997,   79.9985,    47.551
 44153.6,  363.75, -498.11,  -47.98,    35.011,   79.9985,    47.562
 44155.2,  367.74, -453.36,  -60.73,    34.978,   79.9991,    47.562
 44156.8,  363.40, -353.81,  -47.59,    34.974,   79.9993,    47.546
 44158.5,  359.60, -204.69,  -45.23,    35.000,   79.9993,    47.562
 44160.1,  364.57, -477.67,  -60.71,    35.032,   79.9990,    47.562
 44161.8,  357.03, -427.89,  -42.99,    35.011,   79.9990,    47.526
 44163.4,  353.14, -475.72,  -44.00,    34.992,   79.9990,    47.562
 44165.1,  357.41, -388.42,  -58.60,    34.995,   79.9990,    47.562
 44166.7,  351.63, -461.39,  -48.16,    34.992,   79.9990,    47.542
 44168.3,  348.38, -348.07,  -49.16,    35.020,   79.9990,    47.562
 44170.1,  352.40, -360.33,  -59.72,    34.992,   79.9981,    47.562
 44171.7,  346.59, -398.09,  -43.84,    35.005,   79.9973,    47.513
 44173.4,  348.87, -238.61,  -57.57,    35.017,   79.9973,    47.537
 44175.2,  341.65, -458.68,  -43.02,    35.012,   79.9968,    47.502
 44176.8,  345.45, -363.30,  -54.18,    34.999,   79.9965,    47.519
 44179.8,  343.61, -385.66,  -51.34,    35.007,   79.9947,    47.562
 44181.5,  344.45, -385.41,  -52.58,    34.995,   79.9937,    47.513
 44183.1,  344.46, -379.89,  -53.91,    34.996,   79.9937,    47.500
 44184.8,  344.96, -354.83,  -52.83,    35.010,   79.9931,    47.500
 44186.5,  341.22, -449.14,  -44.02,    34.995,   79.9927,    47.500
 44188.2,  344.78, -492.73,  -58.58,    34.994,   79.9927,    47.520
 44189.9,  343.07, -381.44,  -48.33,    35.015,   79.9921,    47.500
 44191.6,  340.39, -344.06,  -50.69,    34.984,   79.9917,    47.518
 44193.2,  343.96, -326.77,  -60.70,    34.992,   79.9917,    47.500
 44194.9,  338.10, -435.28,  -43.95,    35.010,   79.9915,    47.540
 44196.6,  339.50, -209.40,  -56.25,    35.019,   79.9915,    47.518
 44198.2,  342.09, -350.11,  -61.06,    34.990,   79.9915,    47.519
 44199.8,  335.55, -318.64,  -38.42,    34.978,   79.9916,    47.514
 44201.5,  339.81, -496.95,  -56.30,    35.015,   79.9918,    47.542
 44203.1,  336.38, -502.58,  -49.71,    34.998,   79.9918,    47.543
 44204.7,  331.92, -306.04,  -41.85,    35.007,   79.9927,    47.540
 44206.4,  337.61, -473.76,  -57.45,    34.993,   79.9943,    47.500
 44208.0,  337.57, -168.63,  -59.75,    34.982,   79.9943,    47.500
 44211.0,  335.70, -400.20,  -58.12,    35.022,   79.9967,    47.500
 44212.7,  332.29, -479.51,  -44.44,    34.999,   79.9967,    47.500
 44214.4,  330.93, -326.16,  -45.50,    35.010,   79.9973,    47.500
 44216.0,  336.07, -425.06,  -63.75,    35.011,   79.9986,    47.539
 44217.7,  336.84, -228.29,  -60.50,    34.999,   79.9986,    47.500
 44219.4,  333.35, -170.99,  -44.73,    35.028,   79.9998,    47.500
 44221.0,  333.47, -468.24,  -52.91,    35.018,   80.0008,    47.500
 44222.6,  338.89, -250.39,  -69.64,    34.997,   80.0008,    47.500
 44224.2,  329.75, -400.47,  -38.73,    34.986,   80.0010,    47.555
 44225.9,  331.34, -460.48,  -50.37,    35.004,   80.0014,    47.543
